491
3113
309
7852
3094
5039
-1141
-1201
17075
1090
-1232
6477
2309
5723
1103
-7878
-22
1
-32
15
-34
17
1
30
-36
7
41
67
20
71
43
-17
72
40
14
-43
36
10
-30
-19
-37
4
-34
27
-15
7
32
-36
-24
44
-12
-6
-7
6
7
-9
-23
12
0
0
8
108
124
86
113
152
83
98
141
34
-30
3
-58
-29
-53
-66
0
3
-22
-8
104
50
-20
102
62
10
78
20
30
-37
-10
-15
-35
-24
18
-4
29
-10
0
-6
20
25
26
4
-22
-70
37
-36
29
36
-24
30
-2
-21
44
-47
-48
-20
-62
-61
-72
-8
-34
-27
-14
29
38
17
38
8
-23
-29
39
3
-11
-1
53
9
-39
17
-27
-1
7
-11
36
-7
-10
33
-43
-17
-3
-36
13
-27
-12
34
28
-15
4
38
25
5
7
-38
3
-48
-1
-26
-6
-14
-28
-24
-36
38
44
1
-12
-23
89
85
126
-21
-3
27
-141
-122
-97
14
23
-12
-1
-17
-31
17
5
33
31
24
9
-7
-37
17
-47
-32
-44
42
3
32
-6
-62
-40
-52
-4
-13
-59
-11
27
8
46
5
52
57
57
45
45
56
12
9
10
-40
-86
-49
7
37
-16
-3
-32
10
-20
-34
-36
-17
-57
-50
-4
16
0
2
-16
39
14
40
13
34
6
-7
18
-12
27
-10
-15
-20
77
98
95
26
89
86
-15
23
7
0
-12
-9
7
-37
-7
-15
-2
6
-8
14
-16
28
-14
-30
113
97
79
1
80
8
-102
-117
-36
-24
21
36
-12
-33
-4
-48
-41
-25
-28
28
-33
-36
-11
-41
12
9
-2
18
60
29
38
35
7
13
-10
-15
-49
-26
2
-44
-10
-36
-43
12
23
24
9
-23
19
-28
-36
28
21
15
-28
16
31
-16
31
-24
18
5
2
10
3
9
24
0
5
7
-35
-46
18
18
2
-22
16
68
9
80
-4
13
57
9
0
38
-4
-34
-29
-47
-26
-23
-16
9
-4
10
19
22
15
-41
-54
-48
-21
-71
27
7
-36
8
-5
21
-18
23
20
-29
5
30
40
61
139
120
107
171
133
33
60
93
23
26
-30
28
49
10
-6
-22
40
13
-4
-38
10
-35
-26
-8
33
29
-2
-9
29
-70
-20
0
-30
17
30
3
4
11
51
-1
-29
46
-5
1
-45
-28
-58
4
-26
-46
-24
-6
-10
-28
5
-13
-41
-2
19
14
8
16
28
21
40
-25
32
4
-32
-56
2
0
1
9
-17
-7
8
17
-25
23
42
18
-7
-21
-15
-16
34
48
-8
2
-58
8
-10
29
6
20
19
-50
12
-14
-23
49
6
-18
-4
-39
-30
-47
-41
-19
-43
1
16
27
5
-25
36
42
45
42
39
16
1
4
-5
19
-28
-36
47
18
6
-26
-27
-19
37
32
-41
-11
11
13
2
-22
18
-20
-104
-93
-66
-78
-95
-46
-49
-4
22
40
48
1
37
19
10
72
42
-56
-15
-52
-62
-18
-29
-38
-52
-47
6
22
31
39
10
4
7
1
-27
23
14
-7
-21
26
32
-5
15
50
-38
-15
-23
-40
-35
13
0
34
-20
55
62
32
98
111
36
92
101
97
23
-13
-23
-16
-19
-14
-67
-14
-74
-36
11
-9
13
36
31
-26
-2
-1
5
4
-16
-19
30
-22
22
-29
18
16
54
50
69
68
39
72
61
57
-53
-39
-34
35
-31
-27
9
-72
-51
64
79
73
114
125
90
58
54
53
9
0
-32
26
3
15
36
12
13
0
13
13
30
27
21
-37
-33
-47
-3
-38
3
-10
10
-32
17
-35
-15
-17
-67
-52
-68
-82
-81
-28
-41
-25
-14
43
32
1
39
-4
17
32
30
-46
-19
28
-48
-7
-2
-38
-16
-8
50
72
93
-4
-29
-1
-8
-19
-11
-10
-13
25
17
-14
-8
9
25
-11
42
-5
8
-85
-76
-56
0
-14
-41
-64
-50
-18
-39
24
1
41
-3
-9
3
-41
20
-40
25
6
39
-30
14
-26
0
-7
-82
-31
-18
-11
-44
-1
-28
-29
14
-41
-3
7
-7
8
-36
-17
-67
2
-65
-17
20
18
55
-6
81
76
82
86
49
35
7
52
38
-1
-43
-38
9
8
-17
6
9
21
-29
7
-23
15
42
-8
3
3
39
40
49
25
32
50
63
51
15
65
-8
4
-47
4
-12
5
37
9
-13
-57
46
21
-2
36
27
77
-5
40
29
18
11
12
25
43
48
66
68
24
25
-26
-43
0
-86
-30
-59
29
0
0
-11
-25
-37
15
-14
-3
-39
22
0
12
-19
4
12
1
-10
-15
-31
-29
23
-6
15
-10
31
32
-18
2
20
24
59
33
10
58
79
79
1
-62
-78
4
51
-29
77
38
40
-5
1
-44
0
-26
27
51
38
0
9
0
13
8
28
-10
4
33
-9
28
67
69
35
69
34
77
109
41
-32
-6
37
-35
-39
-10
-22
-88
10
-70
-30
-17
-64
7
10
9
18
62
43
4
31
17
18
21
52
45
13
57
7
54
31
66
62
24
62
63
12
16
6
-31
-1
-20
-27
-15
15
52
38
108
8
11
38
5
0
30
-62
-51
-111
-46
-62
-74
-82
-78
-96
-37
-34
16
-35
4
10
-18
10
-4
-74
-22
-47
-24
21
28
65
62
105
-24
-29
-46
32
27
-22
0
29
17
-12
16
56
37
-25
17
-21
-35
9
0
-16
-36
55
41
31
56
71
79
28
58
14
22
27
11
-15
-24
-36
3
28
37
-20
-15
-21
-15
-15
-30
15
16
47
4
-32
32
-38
-43
-21
29
11
20
28
55
64
97
57
33
10
-14
-59
-36
4
-3
9
41
0
73
58
49
28
75
85
47
72
41
-10
38
55
-10
28
-23
-35
-53
-39
-22
-22
-22
6
9
27
37
37
-5
6
6
-16
-39
-30
27
12
-27
15
-76
-55
-3
-27
16
6
30
13
26
55
-13
18
-23
-13
14
3
11
-18
18
52
54
-3
-31
-1
-13
-17
-21
45
-4
0
30
17
41
-24
11
12
11
33
30
-9
-19
4
-18
12
-39
-4
-32
-22
28
-15
-24
25
0
18
-72
-24
-47
-36
-73
-87
-96
-64
-88
-29
17
8
-91
-18
7
-126
-57
-54
4
-37
-29
48
-10
1
20
26
-32
22
21
-1
-4
-43
-10
-47
-11
-65
58
10
-32
47
-12
-65
49
-25
47
18
-16
13
-19
-13
-75
-40
-39
-63
-24
-36
-14
-20
-89
-31
0
-39
-69
5
64
50
2
2
-27
-4
-42
-56
74
64
41
80
67
78
39
74
65
-10
-34
-23
29
26
-26
17
13
-23
8
1
-38
-9
14
-78
11
-16
-51
22
72
27
7
-4
26
18
-12
11
-4
4
-48
22
-24
4
32
48
30
-16
23
37
-19
-69
-53
-45
-30
-84
-14
-8
-26
29
-43
-35
-11
-13
-57
27
48
8
31
-4
43
22
1
-7
-30
-64
-111
-19
-96
-81
-52
-91
-83
-17
-51
-17
34
-13
-32
45
68
15
49
6
41
50
14
-11
-7
0
31
35
44
17
18
29
0
10
27
-31
-6
-13
8
-43
-29
-16
-6
-64
-66
19
10
22
-20
-46
-60
-66
-96
-81
-57
-70
-56
-33
-86
-43
-11
-53
-29
3
18
-30
-30
23
-31
12
8
-25
-9
-39
-46
-11
-4
-28
41
-32
-41
-14
-6
35
-2
12
-24
-41
5
17
-48
-41
-50
-19
-1
-16
3
9
-35
-62
-65
-19
11
-21
-19
0
-41
-24
61
47
54
25
0
39
34
59
56
-37
-73
-45
46
9
-29
42
45
63
-42
-10
-10
-26
-27
8
12
-23
37
24
45
36
-23
-19
-4
19
-30
-34
-9
-39
2
-14
32
-10
30
16
-5
36
-3
20
37
38
18
47
59
51
25
32
28
19
-19
-4
-37
-33
19
37
12
-11
45
-11
-25
-41
1
-33
0
-1
1
33
-16
21
17
24
-15
0
24
53
13
58
0
49
-12
15
-16
32
31
-31
-1
16
13
-18
-2
41
22
36
-7
19
10
19
-15
-15
-24
-61
-54
1
-15
8
43
-19
41
-26
18
6
7
-1
20
8
-8
-4
41
46
83
92
95
105
53
13
59
-14
-10
-47
-37
-35
-8
-1
-62
-47
-1
26
3
20
8
-24
9
-13
-10
-34
0
-34
35
16
59
81
88
30
43
27
-2
-22
8
-8
-39
-5
19
-3
-1
-53
14
-31
-57
-34
-32
-25
-19
-35
-21
5
-20
-23
-43
8
9
-18
11
5
-33
-18
32
-7
-20
10
-29
-24
20
38
37
5
36
32
-7
6
31
22
45
27
39
10
44
50
-16
-17
-4
-9
14
-29
-10
-36
12
-46
-2
20
71
40
43
-30
13
29
2
14
1
6
-2
-5
-16
-5
-44
33
3
-1
36
21
14
-7
0
-9
-15
-26
-46
-25
-6
-46
-5
-49
-76
-31
13
25
-12
26
-2
-28
-39
27
-16
-64
-17
-101
-76
-58
-55
-16
-32
33
15
37
14
60
41
34
15
78
-24
-18
-57
-45
-49
-14
-35
-52
-52
31
0
7
-22
-18
14
-39
-20
-21
-7
-1
59
7
37
14
19
-5
4
-21
16
-11
37
-5
26
-9
-6
-39
26
13
33
10
-97
-68
-63
-5
17
-28
-20
-22
-15
35
48
6
-23
-9
32
-21
-3
21
37
17
-37
-21
-39
-17
-27
31
40
44
40
-21
-43
-16
-42
-13
-28
-69
-46
12
27
-38
-47
30
47
26
-1
27
80
2
25
62
-39
-46
-15
23
32
-29
-1
19
48
6
29
61
40
10
-5
-6
-76
-66
-23
-7
-9
-66
-46
-39
1
21
-10
38
-17
-26
34
-2
-12
-7
-9
17
58
53
72
90
67
68
64
64
-15
32
46
8
5
7
-2
-5
7
20
-64
-5
-3
26
26
-24
17
-6
22
-28
11
2
12
39
29
3
-26
-49
32
55
36
21
-19
33
-68
-59
-66
49
16
-16
39
18
16
-9
-20
-11
1
-13
-25
-37
-75
-21
-51
-30
16
-8
-7
-62
-3
-15
0
-10
-9
-22
3
18
-5
-24
20
-13
32
40
29
-15
-30
21
2
-19
7
6
-34
-31
-65
-138
-33
-85
-108
-87
-65
-99
-80
8
6
32
22
-10
-18
-25
-39
-43
-46
-61
-49
-82
-79
-57
-88
-103
-59
15
-9
7
-15
13
-37
20
-30
-14
-8
-31
-39
-3
-19
-22
5
7
-33
-15
6
20
-19
-1
18
-31
42
-3
-17
-9
13
-3
0
-5
0
0
4
78
83
76
66
70
24
79
41
97
-2
49
21
56
58
16
17
34
35
-82
-99
-80
-47
-7
-54
-65
-44
-60
-22
33
-27
16
12
-17
-18
52
50
-38
-34
0
-15
11
31
0
-32
-19
24
39
0
45
-13
63
59
49
19
16
-31
4
-50
-43
-33
-28
-8
-58
4
31
3
7
-29
25
24
2
-8
-14
-9
32
30
-13
5
4
-8
-3
41
83
75
30
110
100
30
77
69
-51
-11
-21
-43
-10
-24
-15
-53
-58
69
81
90
62
47
95
21
80
90
33
15
33
33
32
26
17
-14
7
33
55
70
64
19
8
35
10
-33
17
1
-3
-6
-28
5
30
-41
21
-18
-59
-61
-34
-53
-46
-35
-24
-42
-9
-43
-33
-12
-19
-3
-21
-24
-25
-6
-32
-61
19
-22
-48
0
-23
-37
18
14
40
20
6
-12
-48
-64
-16
-18
-8
12
29
11
27
-17
5
-11
30
26
58
61
72
32
3
30
-3
66
16
-20
42
-3
-13
-17
26
-35
31
-25
26
17
17
19
65
98
55
-19
-5
22
18
-7
0
7
42
-13
12
-4
18
-28
27
-14
4
5
27
35
42
-8
-5
4
0
27
21
-34
-35
-29
8
-8
-99
-109
-92
-93
-88
9
0
33
24
-6
9
-19
28
4
-1
-2
13
5
-8
-17
-27
27
-4
-15
-33
15
-10
-10
0
-42
13
47
-33
0
-38
12
-2
-3
28
-4
-29
14
37
13
36
23
36
-2
36
-5
-32
-100
-37
-46
-44
-68
-54
-20
-30
75
80
73
35
52
21
49
47
-3
-12
-34
27
14
54
31
22
44
23
-44
-49
-34
30
34
-14
36
-1
-13
