-1824
-2807
-394
-3728
115
12289
-18512
10764
1313
1700
-6161
-6351
3522
5582
2938
5811
-2491
-752
-3965
9026
3029
8995
-1887
2659
3850
624
6082
-8705
2006
-4578
6374
10825
6
-11
-14
0
-19
-6
-19
-9
-14
5
-17
-41
-49
-3
23
-35
16
-23
-3
-28
5
-21
-21
-36
-11
2
-36
-30
-47
8
4
-11
-2
-45
-33
-36
-22
-34
-9
12
-1
-5
0
-24
28
20
9
19
0
-22
-10
4
-7
21
-4
-11
-28
-6
22
19
-20
-4
-6
-22
-7
9
-22
-28
28
-14
26
4
-19
7
-13
-12
-28
-30
-11
21
-8
0
-16
15
-37
-15
-30
-39
-44
-41
-12
-11
-30
-38
-17
-38
-8
-29
-48
-28
0
22
-24
12
-7
-26
-48
-35
5
-14
14
3
-13
-19
-29
-37
-32
-6
23
13
6
-17
0
-25
19
-27
-5
-34
4
-26
-22
-22
18
5
10
13
-7
-6
-4
0
-36
-38
-32
-11
20
21
44
9
10
30
-11
-18
14
22
22
-1
10
-2
19
-19
20
20
8
11
-3
-22
0
-24
-18
-10
0
48
38
21
13
15
-15
-46
-53
-30
39
54
18
41
87
79
4
60
46
10
54
12
9
-12
-20
-33
-44
-39
17
26
-19
10
0
7
-81
-63
-26
4
29
49
-8
-6
-16
-32
-61
-41
20
88
17
61
104
48
-16
15
-34
15
10
48
-24
18
-9
-44
1
-35
58
63
78
89
96
98
41
73
55
23
18
11
-10
-26
6
-26
3
-22
16
17
-8
23
-5
5
-6
-5
26
-20
-57
-65
-18
43
33
30
18
4
33
61
53
13
9
-8
-46
-23
-29
11
28
34
6
2
-34
-38
-56
-54
9
-59
-17
30
-65
6
50
-28
9
-46
23
2
-30
4
-10
-50
-10
44
17
31
-14
-54
27
-12
-8
8
7
59
-82
25
95
-78
19
94
-41
-2
18
-48
-39
1
-13
-28
-22
-5
-4
30
-18
26
-9
-49
0
31
3
5
-92
86
23
-157
139
11
-118
70
29
31
11
-35
20
-22
-13
22
-44
-1
20
-16
-26
27
-22
-9
-12
-36
-9
-30
-9
23
-10
-31
20
34
-11
-17
51
-27
-16
98
2
-19
15
35
-2
-37
69
19
-110
80
5
-69
26
28
-141
71
12
-183
87
27
-152
84
14
18
-46
-6
-14
-42
-23
25
-3
-10
8
3
18
34
-8
-3
4
-43
1
66
-86
1
69
-55
13
-6
-5
-40
27
28
-12
48
-29
-12
-35
0
-5
22
-8
30
-13
-21
17
-36
22
54
-82
-26
30
-18
11
59
6
-13
45
-75
-34
-29
-125
-60
10
-89
-17
64
-59
0
36
-11
66
20
22
26
-29
10
14
-18
-26
-29
9
-39
-16
-5
22
42
71
76
28
28
71
-2
4
41
-33
-24
17
-56
-37
-31
-7
-16
31
-30
-26
-51
-63
8
-84
0
-7
-34
-17
45
-17
17
22
-41
15
48
0
-50
-51
-50
-54
13
-108
-56
2
-39
-7
11
-19
14
63
1
23
40
22
66
77
80
79
60
73
42
-14
-54
49
57
15
50
-22
58
42
33
-30
18
12
-60
27
25
-37
41
6
-23
-82
-116
-64
-97
-36
-86
-46
-20
15
21
-16
-10
10
-43
-20
52
-43
24
-25
6
5
-32
11
-2
-14
-4
-8
-12
5
44
-52
37
47
-64
39
12
68
-46
-38
97
-84
-27
74
-56
3
-16
-27
-54
-52
-43
29
-60
14
-3
12
-18
12
46
-40
-15
25
-59
27
-69
25
57
-200
104
49
-150
95
43
5
25
-26
51
5
15
57
-57
0
3
-13
-5
-5
-35
-52
7
-60
15
-9
-18
-8
0
-15
41
-4
-21
-47
44
-23
-53
62
-31
-65
57
-45
29
-38
35
30
-91
42
42
-136
91
28
-48
18
84
-122
78
89
-153
127
32
4
-13
30
-30
23
15
3
-6
13
22
-24
-2
28
-60
49
0
-25
-34
51
-55
-45
96
-127
9
76
-84
19
-17
-15
-16
-15
-20
7
4
-7
16
-12
25
-58
-1
-32
-37
-66
-59
17
-6
35
-23
16
17
15
1
33
47
5
12
10
8
17
58
-3
-19
-111
-112
-120
-151
-221
-117
-131
-131
-108
34
12
-7
26
-6
-26
56
23
-31
14
39
18
-3
35
9
-3
15
-24
13
22
21
-17
-20
31
15
18
9
6
-42
-21
-59
-79
-88
-82
-91
-101
-34
10
-29
23
-10
-37
-2
-16
21
-25
-73
-9
-61
-121
-124
-68
-108
-114
15
-19
31
-2
-1
32
-25
1
11
-29
35
7
16
40
7
20
47
2
-113
-130
-87
-143
-144
-80
-83
-56
-29
-9
2
-30
18
-27
-51
28
12
1
-8
13
-18
0
30
10
19
25
34
22
40
-4
-9
29
-16
38
59
23
27
47
-35
-3
-13
13
-43
-39
-45
50
16
40
42
4
8
20
3
12
44
47
-22
29
-9
13
-3
24
-16
-3
66
-41
48
48
33
27
10
13
-61
-29
-14
-17
-5
-1
68
63
11
-22
6
3
33
25
47
25
53
15
-84
-101
-82
-4
-4
1
29
39
19
-20
-37
-35
-9
2
-26
-15
60
22
43
8
15
-5
-13
0
25
-33
13
51
37
40
-6
22
-25
-3
13
-49
55
16
6
5
15
14
-51
-51
14
24
38
54
39
-7
6
-23
-66
-30
22
10
-22
15
-27
-40
2
-42
-33
-59
9
-16
32
28
31
45
24
41
-42
6
9
-51
-43
38
-19
-34
-60
-35
-34
-57
-10
-34
-23
2
31
22
-18
-41
0
-42
-40
-20
-19
-45
2
-15
1
28
-7
-2
-11
-9
0
10
2
-1
-5
-12
-8
0
-36
-17
6
38
42
-10
60
59
19
68
72
39
-11
10
-9
-11
-1
18
36
38
7
0
38
48
24
3
46
22
-13
12
-51
-110
-86
-63
-82
-126
-99
-96
-149
35
-38
-12
4
30
-31
-49
6
-17
0
-33
11
-8
-15
-33
21
27
-34
43
32
1
33
61
12
2
30
33
34
0
32
-7
-1
2
-1
0
-20
-5
21
-15
8
-30
32
2
-11
14
-14
-48
-32
19
-33
-47
-56
-40
-40
-48
-16
-31
-12
-30
11
8
-8
13
0
-14
-44
-5
-8
-48
-20
-22
-4
25
13
21
-15
-5
-11
0
-54
-74
-24
27
43
-8
12
-7
28
-16
37
9
1
-28
-10
-15
32
-27
-25
21
-4
18
16
39
32
18
15
18
20
21
-58
-42
-115
-73
33
-46
15
4
35
2
34
6
-2
18
-7
-20
-27
26
-7
20
-17
26
29
-13
22
17
29
12
12
38
22
32
21
14
15
39
38
12
5
14
-7
10
46
0
44
26
-1
10
-41
-21
3
-32
-48
-2
63
24
73
61
33
63
57
41
-60
-41
-10
-45
-8
-13
-13
16
-3
49
-34
-21
-22
-86
-40
-16
-27
26
13
-45
-60
-46
-10
-8
-28
41
40
35
19
-13
-12
-26
-15
-47
-67
-34
24
30
-15
-3
-15
-50
-28
-53
-8
46
-24
-59
-19
-5
-24
-9
36
4
-9
4
-11
42
29
10
56
-14
-3
28
19
20
-15
-21
-3
2
-19
4
52
15
-9
38
37
-5
28
28
7
12
6
2
101
56
42
53
23
6
-32
-9
-35
-24
-35
-61
-27
-7
-54
-35
-53
-68
-89
-136
-158
-11
-106
-100
53
59
5
-57
-67
-23
-36
-65
-41
46
-57
16
4
29
-36
-9
35
-11
10
8
0
25
-30
-23
-6
17
3
0
30
-9
25
18
30
28
27
35
-10
14
26
-6
-8
-14
43
27
15
-79
-95
-63
-14
-63
-91
-6
-52
-76
5
14
-22
64
60
62
10
55
48
-27
8
22
-15
-23
-9
-21
20
-19
-25
-8
1
44
5
8
43
41
40
-24
5
-21
1
0
-2
-5
24
-5
33
-28
-12
17
51
75
-25
-11
34
41
17
29
36
10
28
-26
-25
-13
-7
-19
52
5
30
-19
-15
-26
-31
-5
29
24
18
19
30
35
27
18
19
13
-31
20
36
-2
19
13
-50
60
1
-25
29
60
4
5
53
50
22
0
-19
66
50
62
27
27
37
-4
32
21
65
98
42
43
58
68
24
-3
9
13
-6
23
-24
-52
-54
7
25
0
54
82
78
20
56
65
-17
-5
2
0
35
42
-3
17
-7
27
30
20
2
4
-17
-8
-30
9
10
-16
-14
16
-34
-44
25
-14
-55
-12
19
-4
-7
10
-6
-39
-45
-3
-6
9
35
-5
30
0
-9
9
-8
-22
0
33
4
8
43
-9
19
3
31
-3
23
-28
20
30
-5
45
53
5
7
22
-36
16
-22
-31
19
-4
-10
26
42
-43
-36
-16
-50
-69
21
-82
-40
-27
-182
-187
-157
-140
-141
-155
0
15
-28
14
4
0
-10
26
-23
49
19
-55
91
34
-25
55
24
-38
-9
-6
-53
40
3
-40
81
32
6
-30
-41
-59
2
17
-6
75
45
29
-18
43
55
-37
30
50
-53
1
14
-63
-130
-52
-55
-55
-45
-53
-58
-21
22
1
6
11
32
19
-11
45
25
50
5
12
63
38
27
51
55
21
-6
12
34
-126
-103
-47
-53
-61
-13
24
37
-8
24
-5
25
1
-23
-51
2
-39
39
-8
21
25
24
25
26
-20
-32
-6
-26
-35
-18
18
-2
24
-16
17
-33
12
12
-39
-8
-5
-36
5
-12
18
-4
5
17
-18
-31
22
-1
17
-7
0
0
14
-10
-30
-20
-50
-97
-93
-51
-56
-65
18
-20
-1
12
15
31
10
20
7
19
-7
24
-18
-2
-4
-34
-37
-17
-49
-15
18
-81
-48
-46
-81
-80
-35
-18
-54
-42
-106
-88
-105
-17
-67
-23
-12
19
-16
6
-3
1
-2
23
35
31
35
6
-83
-157
-107
-62
-75
-59
-60
-30
-34
23
20
-8
-31
8
-5
10
9
-16
11
30
3
18
-9
-16
23
14
17
-15
0
-79
-24
-49
-17
31
40
20
-20
-5
-13
13
15
8
-29
-5
-34
-13
-41
-48
-17
11
-51
-3
40
-9
-51
13
1
-39
-2
28
1
35
42
16
-17
-7
14
-32
-20
10
-5
-35
3
-14
17
-1
-33
-11
27
10
16
3
3
22
-19
-14
3
-3
-15
-15
61
20
44
106
95
92
105
77
117
-69
-58
-74
-82
-8
-5
32
30
41
-64
-46
-61
-87
-107
-58
-45
-53
-23
-101
-89
-67
-67
-75
-75
27
39
19
43
7
-30
44
68
20
-23
30
2
-15
30
17
0
-15
1
0
-18
15
28
25
5
2
7
9
16
-7
-47
41
3
25
7
-20
11
-3
-40
-2
12
30
2
-11
14
21
12
-30
7
-4
-9
-3
79
58
40
96
59
50
-49
-14
-12
-5
24
-19
-5
-1
56
-6
-29
-10
-8
-26
-5
-10
22
8
6
-16
-3
24
7
-6
-2
-16
-16
-33
0
46
-31
-6
6
-74
-37
-14
-3
-2
31
-33
-31
-20
0
9
1
25
6
31
30
8
5
-2
5
-21
-157
-170
-29
-270
-330
-229
-205
-226
-209
60
43
-19
41
25
-13
59
39
0
25
-3
-8
57
3
-14
17
12
-22
30
-10
0
15
4
-5
81
25
42
0
-41
16
45
-17
44
19
-11
-13
36
13
11
-21
-11
31
-3
15
-1
-16
-45
-22
-35
-29
-34
-26
-57
-6
-2
-3
1
-34
-5
28
-14
-41
-28
36
30
-22
23
-9
-36
6
-4
-8
-120
-132
14
-238
-198
-163
-149
-200
-124
31
3
-8
17
33
1
-19
-2
-20
-51
-11
-16
-47
-27
-7
0
-22
19
51
46
-10
-25
22
29
48
51
11
47
-12
26
41
1
-33
22
-12
-12
-6
15
21
-5
-48
-23
-7
-56
-48
-1
-20
-3
-7
3
-19
-27
-36
9
-38
-20
-13
-10
-80
7
-47
-21
1
-26
-29
-32
-18
-2
-14
-27
-25
1
-50
-77
-85
-60
-82
-61
-110
-115
-66
-174
-94
-42
-125
-139
-76
-108
-139
-112
-45
-39
-33
-54
-27
-42
-62
-57
-60
43
37
1
39
31
31
20
23
1
33
-18
16
-21
-7
-22
-15
-28
7
11
20
39
7
0
10
28
35
-1
-3
63
14
22
74
40
40
54
63
-23
28
-64
-53
-20
1
25
12
15
-37
8
16
0
-35
-2
-50
-21
-27
38
29
13
56
101
105
77
126
115
40
43
7
-4
18
-2
-22
-29
-43
-66
-115
-71
25
32
36
54
45
70
17
25
7
22
-12
-15
-36
-12
-16
-56
-69
-24
8
30
-26
26
32
37
65
29
34
14
23
27
42
-16
-49
54
80
32
18
-19
-8
-40
-86
-41
79
72
35
-20
-23
4
-48
-94
-39
98
125
77
4
29
-6
-73
-114
-85
66
50
38
29
23
26
-65
-38
-22
-32
-38
-10
19
22
21
15
4
36
-64
-73
-63
14
16
-1
42
41
33
-37
-90
-75
-15
11
7
65
70
49
-2
-9
17
-24
-11
-31
-7
-40
-27
37
11
-13
22
21
17
43
0
-2
-3
4
51
-6
16
25
-30
-35
-61
25
47
40
16
13
4
-35
-53
-64
-5
-23
-17
-8
0
-2
-54
-25
-36
10
-13
-33
20
55
6
36
3
37
-14
35
54
1
-13
46
-14
2
-7
35
42
26
0
16
22
20
-6
12
46
19
-2
54
1
8
6
32
-11
-36
-29
-26
-20
-17
3
-15
-9
-8
-5
15
16
1
10
19
39
18
56
11
31
-24
96
90
31
66
58
73
33
23
-12
34
61
44
38
22
26
-23
0
40
-11
12
36
-29
14
4
21
-9
-23
27
38
-57
-9
-37
-40
30
-3
28
31
43
40
29
19
48
-47
-5
35
-14
-24
-36
-38
-41
-29
-15
16
-27
40
5
8
33
17
-4
-8
29
-22
26
-17
-13
-22
-16
-25
-58
-66
-72
-75
-45
-51
-45
-54
-88
49
45
17
61
54
32
25
51
33
69
45
82
67
15
0
99
37
21
54
17
21
2
-10
87
14
42
55
-28
-14
-106
-89
-117
-90
-65
-88
24
-53
-29
18
-69
-32
41
-26
-1
18
-25
13
-41
-31
4
-22
-49
-5
11
-73
-65
-79
-29
-54
14
10
3
3
-30
-2
-25
-12
10
32
-23
41
33
-27
-12
-26
-15
17
12
-33
10
48
-16
1
-51
-37
-56
-46
-66
-31
-2
-50
61
6
15
-6
16
-3
-11
50
35
27
39
15
-46
14
25
-17
-6
60
8
1
4
44
32
4
62
26
-1
-21
43
-39
-6
73
-11
49
34
9
35
-16
15
36
34
-31
-8
46
64
86
63
77
68
78
44
32
48
28
-6
-25
15
21
-4
11
32
-19
-7
-60
-55
-88
-70
-36
-53
-67
-51
-14
-28
14
27
0
2
11
0
9
-11
-21
3
22
31
0
37
8
-11
-19
-5
-5
-24
-21
-34
-35
27
53
25
-3
-1
28
3
9
24
41
38
-7
15
-25
11
-13
-25
25
21
-22
-34
-11
-55
-39
-12
-24
-42
-74
-52
-8
10
-1
-34
-37
7
-3
-25
-9
25
-9
18
19
17
-17
16
7
23
-5
-28
-3
15
-3
9
4
-18
7
-35
-41
-32
-6
-50
-20
-28
-7
-9
-6
26
-16
16
10
-24
-31
36
23
-63
-55
-57
-49
-71
9
-58
-68
-49
28
22
15
30
25
-17
30
1
2
-26
6
-32
10
4
-17
-14
-33
-1
5
20
25
25
2
18
-14
53
34
-20
0
3
-45
-41
10
-11
-21
3
-64
-62
-9
-46
-33
-47
5
-10
-26
-38
-17
-46
-29
-28
-20
-26
-23
-12
37
21
-8
-8
-7
35
-10
-6
2
13
33
20
-4
11
-15
33
8
16
-19
-29
-33
-59
-54
-23
18
-13
-35
-23
-9
-46
-29
-32
-26
-19
-34
-29
15
15
-5
4
-11
-15
27
-5
-32
19
3
-18
6
6
5
-9
21
2
8
35
1
14
25
26
-2
12
49
7
-6
8
-13
-29
-43
-3
-38
-37
4
44
62
6
15
63
8
53
22
-12
10
5
-11
-37
0
-48
-17
11
-26
-35
14
11
-11
8
29
-25
-8
14
54
45
16
30
55
16
43
27
-28
11
7
23
8
25
-1
-16
12
17
0
-21
-61
-59
-59
-2
-47
-37
14
-25
-9
-41
-11
-21
-45
-41
-16
27
20
1
8
-37
-24
-7
12
11
-19
-48
-17
-38
-8
-27
-40
-63
11
-14
-22
28
21
23
40
34
13
37
-25
0
4
-30
20
-1
6
-12
10
-12
-44
-26
6
-16
-24
-30
-25
-11
53
-4
1
-9
-20
11
20
-50
-4
28
17
6
-17
24
9
-13
8
-20
14
9
27
40
-10
-12
13
-19
-1
-5
-8
-14
0
0
-66
-8
-60
-53
0
-16
16
-10
-9
6
24
40
7
-43
-36
-49
-62
-16
-48
-53
-55
-50
-15
7
8
-27
-36
-7
-4
-8
-39
-36
8
2
-19
-2
44
14
27
13
-7
-31
-33
-34
23
-1
4
-11
23
-8
6
-28
-15
29
-18
-22
-23
-17
55
31
-30
9
12
-13
0
16
12
57
26
32
12
31
-5
38
28
-6
27
11
-13
-17
-14
-12
20
10
-9
-18
-15
-37
-33
-60
-43
-23
1
5
32
-52
-47
0
-31
-64
0
31
-73
-50
-71
-66
-44
-91
3
59
54
60
-29
-9
-15
1
-15
-15
-13
-2
28
26
48
9
11
39
0
-19
14
-14
10
16
38
53
36
-7
-25
25
-8
10
-20
-32
9
5
-28
-14
-8
-26
-6
1
-34
1
-37
-89
11
23
-32
21
3
-24
25
20
-3
16
-25
-14
23
-14
1
-3
-15
-29
31
-16
14
-99
0
-17
-52
6
-16
-21
6
-3
-30
7
-33
-12
19
11
11
23
13
48
24
4
-12
-36
2
14
-6
-117
34
11
-2
80
42
1
59
57
7
-11
-22
-11
26
-22
-4
46
32
25
-35
21
-28
-16
-32
-5
5
13
7
20
19
41
8
60
86
-10
7
62
66
45
51
76
96
55
61
62
87
20
71
21
69
65
107
17
43
27
31
36
57
21
7
36
28
-7
21
24
-15
-1
11
-30
-3
6
-25
5
-33
-29
-3
-57
-73
1
-27
-65
-12
10
-46
-26
16
-33
-88
58
14
-55
-17
-39
-27
-2
-54
-85
-36
-26
-52
-10
-38
-36
-1
3
-25
31
23
-6
9
5
24
-32
32
35
1
13
8
-65
-29
-40
-7
-54
-66
-29
-52
-33
-21
-9
-4
3
-1
-7
19
-7
0
52
-14
22
42
-15
-54
54
3
-86
6
-54
-76
39
-43
-19
46
-17
-18
51
26
-64
99
47
-8
64
78
2
52
27
-55
25
6
4
-69
36
46
29
35
-21
-17
3
21
9
0
33
-33
-59
72
-22
-92
9
17
-77
-29
-19
10
30
-14
2
29
-13
24
11
-22
-30
25
-11
-37
-25
-26
-19
-25
2
-32
-54
67
-24
-79
49
31
-59
9
38
33
16
19
48
-1
-6
24
-1
-30
-3
56
-97
-2
86
-12
-66
-71
-29
12
-77
-163
-4
-12
-123
-8
2
-31
-59
-9
-45
-47
-26
14
-20
16
-28
-42
9
22
-34
20
26
-26
27
47
19
-21
42
89
-54
31
89
-31
-14
29
11
21
9
44
-2
-12
-56
-22
-62
19
-12
-14
6
-33
-44
12
-20
18
19
-24
0
1
-18
7
7
3
7
14
0
22
0
24
25
87
55
41
116
131
114
54
86
47
-6
9
-10
-18
-14
-9
-13
6
-3
-16
19
13
-20
51
-18
12
10
27
15
20
27
-18
23
-23
-47
-7
-33
-8
46
56
8
38
-27
-20
-12
-42
-27
8
-35
-24
1
-12
0
-6
31
34
15
47
88
57
58
54
26
32
15
14
-5
-33
39
-45
-25
-3
-42
0
-8
12
3
4
48
1
43
38
30
52
49
41
42
48
60
47
63
30
-27
-12
4
-19
-17
-24
-7
20
7
-41
18
18
-47
0
11
-17
-45
7
0
6
-53
-27
-37
-41
-59
-15
-12
6
4
28
26
-4
77
53
30
-23
13
-4
17
-32
-29
27
1
3
31
-27
-35
20
-1
22
12
19
25
12
42
28
-9
49
8
33
-4
34
-55
0
3
-61
-82
-48
-81
-47
-91
-7
0
-7
-36
-69
-23
-13
-30
-64
-15
35
93
-106
-101
-8
-86
-46
-79
-23
-2
10
-40
-32
36
-51
7
-36
10
15
-5
-4
2
22
20
-12
-23
28
10
8
5
4
58
-2
-33
12
-3
11
40
28
-1
64
69
37
54
-11
-7
-19
-5
-8
-17
-17
-42
1
29
-1
3
4
51
25
4
28
43
-10
-23
27
-51
-39
-43
-24
-12
-60
-20
21
25
-11
21
51
-12
-6
0
-8
-10
-24
27
-8
-4
43
34
55
6
3
-20
13
-11
-24
16
14
23
4
9
-3
-6
-26
-15
10
-17
15
38
-2
20
18
8
18
13
29
-10
0
-20
35
-9
9
25
47
50
69
23
-16
-32
62
63
7
55
56
48
-12
-16
-9
-27
-59
21
-48
-58
45
13
1
-68
-24
-49
-41
-61
-60
-15
47
-13
-14
-15
50
-23
-62
-21
-26
-20
14
9
49
-13
1
44
-10
35
-28
-37
33
-52
0
-49
-56
-29
-7
-13
15
0
3
-38
10
-5
-32
16
-88
-80
-22
-51
-61
15
-62
-24
5
-7
24
45
-19
-26
-7
36
22
55
26
-5
16
33
4
7
28
3
10
-48
-28
-18
-67
-28
-68
-16
52
-29
12
9
-35
18
-22
-24
7
-30
-28
20
3
67
32
1
60
0
-5
57
0
-19
31
-43
3
38
-5
33
30
42
-24
-44
14
-79
29
-3
-30
28
-102
-37
9
-70
-12
-25
-10
-5
-30
-3
30
-5
-15
0
-26
-25
-5
-11
-35
35
70
-26
50
83
22
31
52
22
24
-15
41
-43
-47
22
-20
0
29
-7
-74
32
-88
-73
-32
-86
-92
-25
-33
1
-37
-32
24
-42
-28
59
47
7
-89
93
-71
-114
33
-123
-62
-34
22
55
-7
25
40
5
49
42
-41
33
30
-35
60
90
-8
67
84
-13
36
63
-18
28
48
-28
29
-7
17
-1
8
-2
-32
-9
-21
8
23
19
10
-75
35
-41
-48
-6
-64
-72
15
-46
-15
2
-23
0
-24
25
10
-20
-20
-12
39
-4
-13
18
-3
4
-24
-11
13
27
-14
30
55
23
36
29
-4
-40
16
18
24
23
57
10
57
49
27
-3
64
60
35
82
71
7
29
-20
30
1
25
4
35
34
-28
-30
16
21
-42
-18
-8
-14
-77
39
26
71
42
10
72
-12
-5
26
-42
-24
13
-61
-66
-77
-79
-100
-32
-2
-24
-31
33
-4
-10
42
49
18
-64
-26
-58
-126
-149
-124
-153
-173
-150
-27
-31
-20
1
2
-21
26
21
50
-40
-35
0
-58
-92
-115
-17
-99
-85
14
1
-2
5
61
35
24
47
53
14
-18
6
34
16
-14
0
34
12
11
52
-15
-52
43
23
-51
-32
-18
-18
0
15
-15
-2
-24
0
32
26
-46
-33
-88
-47
-16
-14
-29
-14
-17
-44
-37
-48
-37
-18
-35
-13
-19
0
-19
-64
-35
-34
-23
-15
-40
-18
-3
-1
9
12
22
0
4
11
13
34
-12
9
26
18
-1
13
7
33
29
17
-30
-18
-11
12
-5
26
21
7
-8
-30
25
6
-9
-22
-33
-17
-35
-11
13
-23
-13
-18
-8
-25
-8
-20
-18
-20
-24
7
6
32
-10
34
19
-32
-2
-26
-31
14
-25
-8
-25
-3
-42
-62
-67
-26
-21
-1
-57
2
14
20
55
14
44
40
25
52
6
13
-2
-7
-14
-21
-20
-7
-41
9
-8
5
4
-9
13
-23
-1
28
14
11
40
25
23
38
29
-11
34
-4
-16
-7
-20
-29
-5
-30
-17
-49
-78
-61
-12
-18
-10
1
-12
20
61
18
-17
15
-33
23
-36
-35
22
-27
6
27
21
15
17
-4
-21
14
23
6
40
-13
-17
-83
-61
-18
-46
-32
5
-24
-13
-7
2
-67
-23
-2
-120
-46
-70
-44
-4
2
-46
-51
0
-15
-52
-4
-30
41
57
-79
-67
-37
-64
-55
-31
-34
-31
-6
-59
-51
-30
-52
-67
-19
-18
32
32
26
-19
19
0
-15
2
-7
6
19
-28
-19
-5
-14
0
11
31
-31
41
23
1
44
19
22
21
13
-13
22
9
26
1
15
23
39
5
-19
-83
-3
13
-14
17
26
25
25
22
36
-41
12
-8
-66
-8
-16
35
15
-45
45
23
59
44
3
19
