294
-21557
-18063
5398
3933
8894
-1438
6541
956
1329
-3164
-3664
-3829
-5452
3893
-1493
-31
-26
10
-82
38
37
-48
71
22
-55
33
12
-63
-3
72
-41
63
-11
-32
-35
19
-79
7
1
-28
59
67
-67
28
32
1
16
18
-25
31
38
21
57
29
29
61
52
25
57
60
-4
52
3
25
-1
21
9
40
62
-5
48
55
-17
35
2
-40
-5
24
-9
-12
-12
-48
-32
28
-6
-47
6
21
72
61
-1
24
76
-19
40
-26
6
8
-24
-16
-55
-2
-27
14
23
5
-50
-27
1
13
-34
-49
-39
-49
43
26
16
24
-8
55
72
7
66
12
39
45
13
37
64
39
34
0
-58
34
-47
10
-36
31
-3
-3
11
-43
6
0
-5
-20
-4
-64
-38
-23
-52
-24
17
-47
-14
39
-59
18
-22
-17
59
72
39
7
47
27
23
30
-19
38
-37
-45
-45
-30
1
4
-56
-53
0
-25
-68
-39
-13
-72
9
-42
8
60
34
17
-7
22
55
8
15
32
47
51
38
38
11
-6
39
7
29
-30
-13
-10
42
-13
44
44
43
53
-13
17
56
-30
47
44
-16
-11
-47
29
-27
-41
-49
-33
-56
-57
-17
-21
-12
71
-70
-6
39
-72
15
51
-37
26
79
-33
45
7
-69
-45
18
-1
-13
38
-40
-22
59
-35
-26
54
66
48
57
34
-13
-52
-70
-62
-40
56
24
25
-29
18
37
-19
-39
-40
-18
43
26
4
-16
30
-49
-63
18
-33
32
55
-22
39
54
22
63
29
-16
10
30
23
22
44
-14
35
33
-72
-65
-49
10
-45
22
33
-42
-18
39
-14
-61
50
35
-36
51
9
-8
47
-43
-18
56
2
-49
24
-43
-40
37
52
5
80
7
-41
1
-31
-22
29
0
-29
59
56
-25
-17
11
-5
75
22
-38
26
-13
-62
55
27
-6
82
-18
-21
33
36
-40
55
-27
-59
51
46
24
-17
13
67
-5
-34
21
41
-22
28
-23
8
1
-27
-2
29
-18
-48
-55
31
-50
-73
10
14
-41
20
69
38
66
-17
50
46
-36
-5
-29
8
4
-17
-22
-55
-72
-36
-74
68
-15
54
12
8
-54
-17
-11
-35
42
26
44
9
31
60
-50
-67
-52
24
-51
-38
1
-13
39
-43
14
-26
-50
-21
37
50
57
-16
13
0
-30
