1686
438
4306
9360
-1091
-5402
-8688
1214
-7020
2443
-5363
-6826
-2090
19324
6310
18102
4868
16266
5671
7810
10395
-1105
8825
-6777
2871
-5807
757
11716
11591
11518
-1459
-2782
-48
74
74
44
102
39
23
126
30
-13
-38
5
-24
4
-10
12
-25
29
23
-12
-20
-34
-25
14
-31
0
9
37
71
27
54
39
44
37
4
2
-11
-16
44
-6
34
39
3
34
2
-40
-25
-38
-39
-10
-32
-35
-5
-24
38
-50
-42
-18
-36
10
-8
16
-21
-23
-14
-25
13
-11
35
10
-13
41
-54
9
3
-22
59
18
28
93
11
-17
-50
-56
-7
-30
-92
-74
-133
-108
-38
-10
7
-33
-27
34
-37
17
2
75
27
-6
59
-10
12
23
-3
2
10
-7
6
42
-28
-24
35
3
-13
-30
-15
-44
-6
-28
-61
43
13
16
101
105
31
98
62
60
66
71
55
21
58
15
-26
-22
-78
-53
-49
-113
-6
48
31
12
236
114
68
241
167
54
-22
-32
32
-48
-16
-17
-57
-21
-4
13
-16
-26
-55
-7
-61
-39
-43
-8
18
-18
28
8
-28
41
11
-28
29
-24
0
0
-62
-22
-61
-95
-54
20
21
17
6
2
47
-60
-55
42
18
3
22
33
2
9
-13
-21
13
56
-10
-5
63
0
-69
-6
-9
-78
-74
19
42
-44
16
45
-20
73
14
-63
15
59
37
41
13
128
101
81
2
26
15
35
-34
-19
-31
-65
-25
61
18
-10
83
12
-3
46
29
-17
70
46
19
23
-2
1
14
5
-37
113
83
96
25
17
40
93
-40
36
-29
35
19
19
11
-38
14
16
-41
-68
8
39
21
-1
40
102
110
67
10
-13
43
30
-13
14
7
6
81
-15
30
-4
12
27
-30
18
-7
15
-30
-53
-57
-15
-86
-44
-43
-96
-67
-38
-68
-71
-99
-106
-88
-111
-65
-76
3
2
-19
5
-37
-8
-20
-17
8
48
80
30
100
78
54
107
93
68
52
-3
6
-1
16
41
28
1
-5
42
15
49
46
32
45
45
32
52
-33
-43
-49
35
-49
-7
-8
-11
-19
89
70
50
88
85
112
87
91
77
-21
-12
-5
-13
11
22
2
-26
26
28
7
-10
-3
-26
-23
-4
-8
-5
26
-18
8
27
-6
-14
20
-9
-6
-17
-32
-50
-40
-55
-12
-87
-89
-43
-109
-78
-50
-101
-141
-128
-125
-87
-105
3
-4
-37
1
11
30
9
10
-31
-118
-83
-14
-61
-84
-55
-104
-79
-100
29
0
23
6
-11
24
-38
-12
-29
35
28
8
-29
-16
-25
-24
2
-11
30
40
55
-3
-25
-30
-66
-71
-84
24
17
6
23
17
39
85
37
40
-41
2
-16
-43
-23
-43
-8
7
26
25
39
25
-24
0
-37
-37
-26
-22
23
-40
-1
37
4
18
50
65
63
39
-5
55
-36
-59
-23
-37
-58
-72
32
-7
0
-36
-32
-42
-6
-36
15
12
-46
-20
18
9
-6
14
28
40
-1
45
6
-54
-16
-28
-45
-5
-19
-24
-10
19
-31
19
-16
-4
26
-8
-87
-88
-78
-121
-171
-72
-117
-110
-113
-5
24
48
7
7
-7
62
74
72
-5
-38
-23
-30
-77
-29
-2
30
-19
-16
61
-27
-39
-1
4
-34
-61
-38
-5
-16
31
-5
-49
-22
45
-5
-12
-35
63
3
-78
20
57
44
-53
-39
-6
-10
35
-3
-15
-30
76
-6
-57
-6
57
31
-54
-18
26
-26
-18
-5
-15
70
14
-70
2
67
-49
-63
21
1
31
35
-23
-34
-2
43
-48
-49
-17
-12
-4
-21
-26
3
-10
23
0
89
186
78
-72
152
159
52
-14
35
-35
88
30
-60
72
90
3
-110
90
-26
-16
3
21
-29
22
49
8
-26
11
-83
-1
74
18
-85
14
62
-23
-15
-43
57
41
-32
-28
62
68
-3
42
60
84
-43
0
81
-40
-9
-18
-26
8
-7
-48
49
59
-117
-77
24
1
30
11
-35
99
146
-33
-41
94
5
-50
-102
-35
-134
-193
-84
-140
-142
18
10
-13
31
22
36
-29
5
-20
34
-3
15
38
19
16
-37
1
15
15
-6
15
-29
-18
-28
-54
-74
-3
22
-5
-5
-2
0
0
19
54
13
-71
-46
-84
-56
-65
12
4
8
47
-13
-9
5
-6
6
5
-36
-28
-24
-8
-13
-39
9
0
36
56
45
20
-34
-70
-68
-51
-105
-51
-24
-75
-58
-54
-48
-75
-52
-86
-64
-20
2
0
15
23
28
7
-8
18
3
13
-12
32
40
19
0
27
-6
-20
-30
-44
-16
30
11
39
-5
9
18
5
9
3
-30
-44
-33
-2
-12
-12
24
-27
12
-22
-66
5
-29
-71
18
27
-4
-114
-103
-91
-27
-86
-92
-69
-48
-49
-45
-141
-55
-67
-71
-20
-41
-63
-117
-6
-39
13
21
26
5
29
23
-22
-4
15
1
44
-23
23
12
24
9
26
7
3
12
-12
8
32
-14
-30
-16
-8
-41
9
-6
-17
-3
4
20
-111
-98
-67
-89
-89
-74
-71
-29
-40
43
12
-10
20
-7
-4
20
9
5
-48
-4
-22
-18
-51
-64
-29
16
-9
-33
-28
74
-101
-33
43
22
-35
-29
12
13
44
4
39
27
-24
-10
7
-28
-33
-42
-19
-12
26
10
30
-10
34
41
5
68
-7
-15
26
-6
-3
21
26
-5
49
-17
-33
21
29
-26
-19
5
-69
-15
-14
-26
-85
-99
-29
15
64
-13
34
18
-14
-12
38
-7
15
2
32
-5
-11
4
-42
-30
5
24
-15
-59
-25
-64
-57
60
66
30
-53
-41
-52
19
31
-31
42
59
24
-60
-106
-74
47
9
-37
51
40
-9
-17
-7
-30
-45
20
16
23
54
76
20
0
43
0
-14
10
28
-13
-17
-4
-4
-9
-12
-30
-41
-25
-25
-84
-55
-58
-35
-18
31
4
37
32
57
10
0
8
23
-2
-14
8
-38
-19
-36
-73
-58
-67
-72
-2
-18
22
-16
-55
-73
-22
-35
-28
-46
6
1
-96
2
10
-12
26
9
-17
58
30
10
-68
-40
-16
-5
33
9
2
0
51
-34
-54
-26
-17
21
11
10
47
7
-1
9
17
-17
12
11
-34
-87
0
-54
20
1
-40
-45
48
-7
-73
-74
40
35
103
-47
45
50
-62
-60
-35
62
57
-92
43
-91
-121
-25
-64
-10
20
19
44
6
27
-1
23
-17
-39
-7
43
44
39
-13
-31
37
-46
-26
24
-27
-22
-36
-14
-31
5
-7
-6
28
6
34
0
25
-13
-8
-29
-48
-50
-25
-102
-14
-95
-52
-32
-51
-22
-22
-2
23
-5
-1
-37
-15
-38
-20
24
-4
-4
8
15
-32
-23
-5
-50
39
-42
-162
-43
-133
-138
-72
-89
-41
-17
-46
-37
-112
-27
-37
-39
-3
-34
30
46
11
41
-19
1
7
-39
-29
-12
24
30
28
51
34
10
-3
-35
-35
41
18
37
32
5
-2
16
-5
-18
-31
-53
29
-15
-15
13
4
-19
18
32
19
41
74
73
34
68
-15
-61
-94
-52
-23
-40
-39
-15
-39
-67
106
-87
50
127
-116
110
90
-116
112
13
34
-33
29
-15
-11
2
7
-36
45
-21
-20
11
-27
-22
33
-50
-29
-3
-9
1
-35
46
24
9
21
-20
44
-18
9
37
-45
-35
41
-26
2
17
-45
-9
80
-93
22
68
-28
-23
30
12
-28
47
-11
-36
-5
-5
-2
-3
33
-4
22
0
-16
-26
34
-8
118
-73
96
82
-136
82
35
-72
111
4
-76
20
-86
-116
-21
-112
-97
-53
30
0
-6
2
-19
-16
37
-35
-35
-3
39
-35
-55
15
-38
-45
41
-39
-28
38
-39
-27
51
-15
16
5
-6
5
-30
-14
-9
-7
-18
7
41
9
-5
32
21
-38
2
11
-1
2
-11
-14
-11
-31
-101
-87
-54
-98
-71
-45
-26
30
-7
41
43
13
17
96
75
-32
-39
-7
-1
-18
-20
36
10
50
23
46
19
29
4
-6
35
35
32
20
-9
-6
8
28
11
42
47
38
-46
-32
-37
-25
-45
18
8
-22
-16
-83
3
-55
-83
-47
-92
-118
-85
-69
-42
19
-32
4
10
6
-2
19
28
-22
-20
-43
2
6
-40
-17
22
17
-42
54
-2
-6
62
-7
-27
37
56
-104
-93
-18
-86
-98
-103
-126
-80
-85
-1
-15
-50
-4
7
7
31
39
9
58
12
6
50
13
-26
59
37
4
-9
-11
-26
-1
-27
10
49
19
-3
-5
3
30
65
1
46
-34
-53
-51
-34
-54
17
-2
-45
11
-9
-13
-67
-49
-37
-22
-68
-87
-87
-62
-120
-78
18
68
61
-67
79
66
-98
54
116
-12
19
29
2
-17
30
-35
-42
28
10
40
75
-21
50
39
-54
-11
34
-61
-11
4
-8
-30
7
-29
-5
10
-10
28
-21
-1
-19
-31
-5
-19
-27
-11
-14
-38
-31
19
-26
-17
28
16
9
7
46
-1
-3
23
7
30
0
-25
-55
-33
20
7
-45
21
-6
-16
27
112
88
-65
72
66
-2
71
156
-105
25
16
-25
-39
-3
-33
-20
33
3
-33
28
8
-18
12
-61
-50
19
-33
4
53
21
-34
32
30
4
-21
12
-32
14
13
-40
30
23
4
-50
-55
-62
-48
-13
-47
-126
0
-28
-70
-130
-104
-90
-101
-93
-108
-49
-86
-79
-71
-35
-22
-63
-36
-75
-42
-67
12
-3
70
95
9
29
-24
-4
-93
-61
-47
-52
-15
-16
9
24
40
7
32
15
-20
-48
-14
-29
2
7
13
-12
48
56
11
21
-16
9
10
-19
34
-48
-96
-55
-18
0
0
52
49
39
-21
-11
9
-25
21
-21
33
29
16
-16
23
12
-18
-5
28
0
9
-34
-20
-61
-52
10
25
32
30
36
40
-13
31
26
-45
-106
-142
-29
-67
-93
104
90
0
163
64
23
84
81
85
-44
-66
-40
24
46
-5
66
35
-3
-15
-14
-65
0
41
54
37
37
18
-20
-5
-50
12
0
0
31
46
0
-61
-32
-54
18
-22
23
64
94
52
-24
-54
-71
-45
-27
10
28
57
-10
50
58
-25
179
160
99
2
65
-1
-84
25
40
-85
4
-9
-65
-55
-6
-13
-52
-14
-28
-41
-9
11
-20
-40
-58
-33
68
-60
-47
49
59
-29
4
22
37
74
13
1
60
30
10
28
-19
-4
24
12
-9
-9
20
-2
24
23
38
11
-36
24
26
-43
-32
25
-46
-28
29
-30
-43
26
2
-86
-38
-6
-13
-27
29
4
11
45
45
31
41
90
88
-40
99
92
17
44
67
-35
-7
86
-91
0
93
-13
-57
22
-58
-38
-14
-8
-37
-16
47
29
-23
-22
-74
-66
46
-6
-48
81
20
-20
-22
-44
-53
62
-25
-17
78
6
-7
37
-7
-64
-42
-15
-72
18
16
-63
-2
37
17
-25
-20
18
-3
14
23
-17
20
41
-98
-84
-19
-66
-66
-55
-75
-114
-68
-149
-237
-163
-129
-157
-129
1
13
17
2
4
9
-14
-32
18
20
32
-16
-6
-1
-12
-38
-53
-24
29
22
24
41
21
21
8
-13
-41
-40
-19
-31
-21
3
29
-11
6
38
-56
-73
-34
-76
-34
-25
-12
-1
-14
7
42
29
17
39
9
-14
-8
-24
-27
-49
-61
-51
-32
-1
15
4
29
7
-29
-36
2
-38
-17
-37
-95
-35
88
45
14
45
67
81
6
3
31
-33
-36
-4
15
-37
-19
-18
6
19
2
0
22
-21
14
2
15
-13
-41
-5
-9
-2
23
21
-17
-6
-25
13
-32
-40
47
-39
3
59
59
49
63
62
19
48
73
69
65
79
100
99
90
67
29
54
75
109
33
43
84
-102
-42
-24
-46
7
72
-112
-4
26
-104
-106
-38
-159
-85
42
-126
-102
-42
-47
-19
-85
35
-5
72
12
46
71
67
63
48
50
38
93
53
57
42
31
6
-1
25
-11
33
-3
-16
-13
42
45
25
90
43
31
55
51
29
-114
-64
-83
-130
-69
28
-101
-32
34
63
52
28
33
47
50
34
-3
2
-78
-32
1
-20
6
91
17
36
47
17
-1
-62
41
-30
-80
-1
48
140
-101
-95
-76
-129
-96
5
-107
-126
-26
-61
-40
-79
-132
-115
-86
-22
-52
-24
-84
-64
-103
-133
-163
-84
-75
-139
-77
-20
-53
-92
-91
-81
-67
-80
-32
-58
12
20
-20
16
-14
-39
-8
45
123
6
-19
-70
-1
-50
-22
4
103
130
-11
66
66
69
10
46
106
83
1
-68
-43
-9
-49
15
46
52
46
68
-61
-77
-41
-24
-2
26
3
22
36
-16
15
-2
-39
2
9
28
4
27
8
-1
-41
-32
-26
7
-29
12
-6
-39
-58
2
3
8
10
-15
-1
59
-32
-22
-17
-45
-18
27
42
18
34
-39
-37
-19
-13
-40
2
4
17
-6
-74
-64
-1
-108
-94
0
-73
-69
-84
66
12
-10
45
-6
18
-17
-5
3
-27
-33
-7
-12
28
-4
28
24
56
-22
-96
-69
-66
-68
-39
-14
-28
0
-65
-41
-40
-61
-56
-4
-10
-12
29
23
-48
-59
10
3
-63
7
-8
36
90
35
-3
112
29
32
17
-10
-31
115
69
44
105
26
40
6
0
-24
-156
-222
-158
-207
-292
-191
-153
-224
-118
3
-12
1
11
13
-2
22
14
3
-51
-54
-23
-32
-52
-55
-49
-82
-67
18
30
6
-12
32
50
25
10
1
8
49
32
40
14
-5
43
41
6
51
78
47
38
20
5
41
69
13
-5
29
17
-24
-11
12
24
7
26
12
12
31
6
13
33
17
14
37
-136
-183
-102
-165
-225
-159
-181
-205
-142
-29
-89
-47
-130
-147
-157
-91
-59
-99
27
-3
-18
11
10
-9
5
18
-16
-36
4
8
0
16
7
-22
-37
-40
38
32
-2
29
6
-14
1
-8
-20
-79
-68
-38
-47
-66
-74
-92
-27
-108
-78
-103
-81
-139
-121
-122
-77
-57
-49
-9
-81
-12
-74
-52
-105
-57
-102
-122
-44
-25
22
-125
-136
-75
-82
-158
-39
0
-21
-19
-19
23
37
-12
0
2
-31
-44
-1
-22
6
29
-25
-14
24
-33
-38
-26
20
35
26
18
8
-13
-35
46
11
-29
-32
-4
-32
-58
-56
55
59
73
32
46
86
47
61
37
5
24
-3
41
39
11
0
4
45
4
35
19
-22
-57
-12
-36
-4
-9
26
19
69
14
34
54
22
20
52
78
2
31
71
83
47
74
70
97
9
28
44
-21
-7
12
-25
-24
-30
-70
-34
-27
-25
-69
13
-21
-23
-53
-12
11
20
-12
0
-4
-52
-42
14
95
91
136
-39
80
47
-24
2
45
-84
-90
-20
-58
-56
-52
-1
-37
-11
23
59
41
21
57
51
41
55
53
55
45
90
-59
3
33
20
-14
-46
-1
0
-29
-19
-33
-1
29
43
44
-44
-31
-2
7
-22
-37
-24
-12
6
-10
27
18
21
18
-9
14
22
32
-45
-46
-56
-6
-21
-30
38
10
43
40
17
7
-30
21
7
-32
-32
-34
-4
2
-14
-21
-29
12
11
-8
-32
-19
-28
1
5
-10
-28
30
42
12
41
26
-2
-45
-2
-12
-101
-244
-244
101
93
77
169
149
76
-68
-73
-6
-34
4
-8
0
-17
-17
18
42
17
6
-6
-6
9
-38
-21
-7
-12
3
-12
-26
-36
-21
0
-17
-8
33
14
16
80
-3
11
5
21
-23
-66
-1
-24
48
0
39
18
-23
-72
-89
-27
72
114
48
103
86
81
-40
38
31
6
47
-11
13
110
1
13
43
82
-5
-14
8
3
23
-19
-2
8
-19
-49
-36
-12
-44
6
-26
-4
-5
-50
-67
-12
-6
-22
-47
-7
-46
-2
-29
17
41
-12
29
20
14
36
3
-1
-21
-23
-34
-58
0
22
-32
18
37
-6
-16
-55
-31
7
3
-8
3
-7
40
11
-8
-8
-11
12
13
34
35
-24
72
-22
-22
70
13
5
49
-17
-50
-49
-44
-43
-22
-20
21
21
22
36
12
-8
-26
33
-5
23
8
20
17
-11
0
43
-16
17
34
33
-11
-5
-3
22
22
-28
25
42
31
-5
-72
-36
-65
-134
-132
-17
-72
-68
-59
3
-20
-30
-35
-19
4
-8
-4
34
-36
-14
-32
-83
-54
-31
3
-25
38
127
158
64
99
112
54
104
125
30
6
2
-33
11
22
2
-25
11
-2
-19
-6
-29
14
-6
-3
-3
-3
3
45
-10
44
78
19
46
38
17
28
-36
-34
3
-42
-28
30
3
4
47
32
44
-22
5
0
20
28
-19
-14
1
34
0
-2
-2
-10
1
12
-51
13
14
9
-16
-24
19
24
25
6
-98
-19
-42
-77
-79
-71
28
-61
-48
-54
21
17
10
37
1
31
-12
-53
-27
13
-3
-2
-34
19
-32
15
5
6
-28
-23
22
24
-9
16
21
-14
-30
15
0
26
3
-8
-1
2
-31
19
-21
8
19
-5
34
51
-2
-41
35
35
44
54
38
59
92
73
70
50
18
76
66
85
63
75
25
-18
11
43
6
46
18
72
46
103
64
-5
28
-16
-9
21
-6
24
-8
27
-54
-50
-24
-25
-12
0
-18
-18
-7
-3
19
20
-5
-19
-29
-42
-24
-32
1
6
48
7
8
-1
-13
-3
7
-10
13
33
-6
-9
47
43
13
-2
-3
-7
-34
15
-15
18
-27
-25
-3
32
18
-4
1
25
49
6
41
21
13
-35
-9
-24
-8
8
-5
43
-46
-58
-38
-68
-96
-77
-91
4
-7
6
8
29
4
20
8
-5
8
27
27
12
-39
-35
0
-12
-29
13
-4
-14
27
-30
-26
7
14
-13
-18
13
-12
-17
-45
-37
-106
-78
-27
-44
-95
-26
-56
-2
-31
-69
-36
-23
-36
-19
22
-74
-101
-46
-40
-36
-36
31
21
25
28
104
58
87
175
20
104
65
0
-39
6
4
-26
11
-4
-17
25
22
1
32
6
-4
13
18
-18
42
-17
31
24
10
16
-28
0
-19
-12
-4
-5
-8
39
18
25
4
9
27
-32
-20
24
-7
0
33
36
32
42
21
0
37
9
-11
29
50
-32
53
52
12
0
-8
-7
14
-9
-10
5
7
47
16
28
15
82
-1
33
57
28
-24
-47
-34
18
-35
-29
-10
-78
-22
-13
0
30
-39
12
23
15
7
-23
-8
-69
2
-31
-68
4
-24
-31
16
-11
-38
22
-42
-42
18
-28
-31
-3
14
25
-23
61
-32
16
37
-19
29
26
-11
32
34
-66
30
4
-32
-28
-26
-40
-13
-99
-75
-12
-110
-69
-76
25
-98
-67
-32
-171
-92
7
-64
-77
32
-10
-34
40
-1
-45
50
-20
-47
-5
-4
-31
4
-43
-109
42
-10
-92
37
-16
-24
60
38
-44
67
36
-21
-14
-38
-12
7
-33
-8
-7
-23
-4
-29
-8
25
-68
-31
18
-68
-50
-3
56
4
-43
59
-23
-51
26
16
-63
-21
-6
46
14
26
39
23
17
20
-39
-81
7
-44
-125
-9
45
-42
-62
-51
2
22
-13
-83
11
15
-29
-48
-1
2
-9
31
-5
-45
24
19
-33
59
-10
0
46
4
26
52
37
0
52
25
-33
50
10
-26
73
43
-10
-67
2
46
-40
-16
31
-51
34
29
-15
28
81
-33
12
57
-5
-2
41
-68
20
4
-30
-22
-35
-48
-46
-63
7
-45
14
54
58
103
87
100
96
34
-10
-23
-36
-31
24
-13
-9
13
44
6
-3
-17
32
-18
-60
-48
53
57
41
17
12
-23
-23
-19
-43
-15
0
-42
-38
-17
8
21
4
45
21
16
-47
21
25
2
55
11
46
44
55
15
10
19
-16
-5
-28
-40
-2
-40
-36
-28
30
15
36
12
36
32
5
-75
-13
-14
41
12
-3
-19
51
22
68
-58
43
77
13
-44
30
82
-20
-46
-29
-3
-32
33
-1
31
41
40
71
38
-3
2
20
-32
-48
-38
16
10
15
-18
-24
-21
-50
-25
-32
-65
-49
-54
51
38
-10
19
28
49
38
-7
-61
65
57
-26
-19
68
49
5
13
-41
92
27
4
16
62
76
27
17
39
21
-16
-25
-11
-21
28
27
10
1
-13
-22
25
-2
-14
-35
-19
-20
-13
27
-11
23
18
-13
21
28
-17
-20
5
8
-24
-24
-16
29
5
31
38
30
-16
4
-44
-10
-19
14
0
2
4
-13
-44
1
-49
-59
-28
-1
-11
28
-16
10
-19
7
-10
12
39
-7
-34
-5
-18
-36
-59
-57
30
-22
-4
49
-4
-26
8
43
11
68
46
51
88
80
34
47
101
65
36
47
-9
-14
4
-11
1
-28
-45
-25
-5
0
27
-4
22
-30
14
-26
41
-9
8
9
6
-4
13
-23
-12
30
1
-22
8
25
19
-46
-63
-7
58
55
47
66
43
63
56
38
51
55
65
46
131
145
69
80
102
50
-48
-49
-53
-25
-18
-21
-12
38
9
-24
-9
9
-16
18
-10
15
34
-4
-27
-23
-37
9
-17
-3
-21
-27
-35
31
-16
3
-17
25
18
-2
19
22
-18
-58
-76
-67
-48
-74
-28
-67
-43
39
28
39
23
37
16
86
80
45
34
0
4
32
40
43
52
54
46
-56
-66
-56
-37
-42
-62
-22
8
-18
17
-12
5
45
12
2
13
13
34
58
60
81
22
58
65
75
37
40
11
-16
17
-22
-19
11
0
-21
-14
-3
-9
-2
-2
-19
-23
-4
26
17
-3
24
13
-5
0
23
1
31
17
-37
-30
21
-37
-128
-75
-78
-96
4
-53
-78
-42
-87
-75
-60
-67
-67
-73
-15
-21
32
8
-32
-23
-30
-55
-8
-83
27
49
-39
39
52
-57
-57
-23
4
-20
23
-2
7
10
-1
12
10
3
24
-13
-42
-7
-2
-34
-2
7
53
60
3
34
60
0
44
46
0
-26
10
7
5
13
28
-10
24
7
-23
47
40
9
-7
31
16
11
-1
31
27
-21
-22
-5
30
17
26
-7
-6
13
20
-35
-2
25
13
-28
6
-38
54
51
-14
21
53
12
5
-14
-124
-127
-142
-193
-212
-114
-118
-147
-129
-24
17
22
-5
4
25
5
-31
-24
43
24
46
-15
1
13
-20
-2
-20
31
-7
-16
-41
-31
26
-24
13
-23
-50
-32
7
-71
-76
-44
-83
-121
-54
-101
-120
-69
-46
-18
-26
-96
-104
-41
-120
-195
-140
-150
-137
-128
-107
-113
-110
98
75
96
96
50
42
29
16
33
-26
0
-8
-15
19
0
4
-22
9
-31
-35
-28
-61
-37
-11
-40
-41
-2
-21
-26
10
-50
-38
2
-18
-2
-34
5
32
41
30
37
14
29
37
31
-15
0
-23
-26
6
-14
0
-4
12
-15
-44
-17
-49
6
0
-20
-52
4
-8
36
23
-10
33
0
22
17
18
30
-13
18
-34
4
-1
3
-1
-20
-2
55
35
-38
-12
-4
-42
-23
-11
4
11
29
5
31
26
8
19
-4
-38
2
-27
-3
-19
2
-22
-16
25
-1
17
-14
21
-17
0
11
-17
-7
-60
-15
-30
-103
-63
-40
-67
-67
-71
-23
38
-15
-17
-33
-18
18
2
31
0
16
33
-131
-72
-13
-48
-28
-4
-133
-71
-73
-152
-116
-91
-7
5
-11
-30
6
10
-41
-26
-22
30
-6
15
-16
-3
-9
42
35
-9
-19
-5
6
19
53
28
22
38
20
34
-23
-26
21
41
32
31
37
24
-4
-13
-8
64
54
34
35
19
9
7
12
34
9
14
40
9
-18
-12
-16
7
-8
-17
42
51
-16
44
0
12
-25
20
-45
-30
-57
-46
-44
-65
-66
-98
-112
-20
27
28
62
104
78
60
35
10
29
27
-7
-2
-8
-8
-5
39
42
-56
0
-18
-27
-16
-5
-103
-75
-80
-48
9
-17
10
-33
3
-30
-28
-7
32
10
42
80
79
57
-4
-10
10
49
23
52
32
85
47
-21
-4
-25
92
104
104
139
154
97
90
99
115
34
-24
-34
0
-35
14
30
95
19
30
6
25
-10
-7
-2
-13
-17
-9
25
35
21
52
53
15
-40
28
13
14
51
24
11
52
17
20
0
25
-80
-51
-42
-44
-65
-75
-42
-45
-28
-71
-64
-42
-39
-40
-48
-16
25
-4
-6
37
0
9
14
31
34
23
38
-88
-94
-38
-43
-71
-86
-17
-30
-54
26
0
-14
69
60
48
66
62
11
6
4
34
52
48
21
-10
28
-21
-28
-5
17
-44
1
-15
10
-26
-15
-1
18
20
27
-10
2
10
-5
0
-35
-18
10
-1
5
15
-23
0
-24
-1
52
87
-50
-69
-14
-40
-71
-84
-54
-63
-23
-24
-31
-37
-60
-34
-37
-53
-21
18
-17
-27
-75
-68
-1
-15
