-13815
7488
-20789
-10399
6170
496
203
10003
-3073
243
-6604
-1286
864
3009
-7452
-7118
63
25
-16
35
28
-8
18
-35
9
13
-9
22
3
-4
-13
-37
-54
-17
71
72
68
43
-28
44
-22
-37
-32
9
-25
49
29
-5
61
51
-6
3
-22
7
0
17
9
52
5
-4
33
-42
14
-44
-65
-48
-10
-69
17
-33
13
31
2
-50
33
-37
32
-36
-27
33
32
-40
-45
-22
0
-37
13
18
16
-7
28
50
43
53
53
23
10
-21
-17
-23
30
9
-36
-20
29
32
35
25
-12
-11
-34
31
-15
6
-5
42
49
48
64
44
53
-25
51
27
27
19
-1
47
12
-29
-23
-41
-49
67
57
28
52
39
-3
20
56
43
31
-5
12
-29
-61
-42
-59
-60
-66
26
51
19
-14
33
-20
-72
-2
-16
57
45
-28
15
4
40
-33
-80
-61
-20
56
-12
-6
52
2
-21
-58
1
-36
14
22
-68
20
36
-64
24
36
-12
-47
73
-28
-1
72
-74
23
22
-53
-24
76
-49
10
44
-84
-36
91
-35
-21
-56
-34
-32
-35
-29
-9
-17
-32
-48
-30
-2
-39
13
6
32
8
-9
57
-24
72
-3
64
44
71
61
-52
-17
0
6
5
5
-28
-25
-13
-25
-3
4
-35
26
21
-4
7
-42
27
-43
-39
-43
26
-26
-52
-5
-28
-36
-44
-28
-50
16
-45
4
-4
39
-5
-35
22
-6
7
53
45
50
50
-51
-42
-2
-9
40
0
24
12
73
-31
47
6
41
43
29
58
-24
44
16
23
23
23
-7
9
16
39
10
-23
-28
-15
-31
-72
-39
9
-4
-60
4
42
80
-24
-29
3
-28
-72
25
-1
78
33
10
35
-18
-42
-74
-63
19
61
54
-13
-9
-17
-1
-23
-32
-16
-24
28
83
26
-50
17
48
-70
70
-52
-11
3
3
-77
85
-26
-67
41
-58
25
79
-47
-4
64
-12
-69
-4
53
2
46
56
53
63
55
58
-44
-41
-47
-49
-39
-3
-12
-47
-29
28
-6
10
25
-23
-50
-34
49
-27
-25
26
-45
-21
-1
12
-16
-32
-3
-4
13
24
17
24
3
-27
37
26
50
11
68
18
12
11
-22
-7
26
48
-12
70
3
60
79
13
37
23
4
3
-52
20
-59
-42
-32
-13
-15
-42
-1
14
-12
-40
-58
4
-62
3
