-9328
-16224
26112
-8563
-3485
-5337
114
-587
-6114
18302
-20091
11361
-20330
-17242
-9964
-1451
-32
-35
-38
29
-49
1
35
-35
-12
-9
0
35
-26
15
-36
-8
41
-21
11
40
15
14
-21
-38
-31
46
11
-18
-18
-24
-10
-57
-44
-22
-24
28
7
14
-6
-10
-11
28
-36
2
16
-11
22
28
80
65
-25
72
85
-7
29
0
2
-45
66
71
-53
-27
59
56
112
60
-25
100
107
22
0
68
-89
-65
-4
-115
-48
2
-111
-86
-36
17
-38
-19
47
25
-36
-41
34
25
0
-49
-47
-25
0
-12
37
19
20
-24
-35
-37
-28
-4
-40
0
-40
41
114
38
-24
148
27
-43
103
73
10
-8
-92
-145
-17
-21
-131
70
35
-14
26
3
-94
-13
25
-98
60
-3
16
-26
5
-14
16
-10
9
5
43
33
-53
-58
25
18
37
38
-40
11
45
-47
-6
0
0
3
28
-50
2
45
-12
-7
-22
27
-39
2
-47
16
-5
-38
-1
-43
41
41
-26
-40
-13
3
-10
28
44
-44
-3
-33
33
-16
-23
34
-29
27
-1
-18
12
15
-3
-27
-23
-41
-31
35
5
18
31
30
33
26
40
-40
-17
-45
-23
-43
-30
13
20
-44
-53
-15
-50
-42
33
32
-78
15
-8
-26
48
69
29
49
48
-31
67
-12
41
32
77
-3
10
56
49
-66
-100
-40
-17
-96
-90
-60
13
-63
-66
-60
-34
-12
-14
2
52
23
44
-9
49
87
9
105
31
100
128
110
-41
-21
-18
-5
-17
-41
-73
7
-58
-68
30
-54
-3
-5
-29
-9
41
-21
75
69
80
60
95
38
28
85
68
-28
-72
-77
-37
12
-2
36
18
-37
57
25
3
90
88
60
126
111
77
-44
-39
-92
-17
-61
-45
55
-8
-55
-57
44
-8
10
83
37
-28
56
17
10
-34
26
71
66
26
28
33
-8
-25
9
-52
34
77
16
26
15
46
-17
31
28
-18
77
78
-25
42
87
-56
-36
-14
8
-25
8
-62
14
36
-41
37
34
64
75
78
-1
52
28
49
70
2
14
33
62
10
-30
23
-1
15
81
-5
25
75
-17
-4
53
-41
18
-1
-35
34
-34
-10
-62
-40
56
79
85
31
51
39
-2
37
13
-61
12
-43
-67
-56
21
10
-73
-3
33
35
-45
-36
9
39
-34
36
-8
