1094
1785
8211
-130
-11256
183
-4684
-1315
-10272
-3610
4595
-9340
864
-197
125
-993
35
1114
-1318
-2912
2194
6258
388
-6062
12118
2141
6935
830
-1937
789
-2343
2195
551
-2182
-11804
-1023
693
-8441
-1920
-2259
4958
-130
703
1881
5053
534
1188
588
-55
701
-4458
-1959
3361
-384
-7084
-97
1584
-3211
-3481
-7437
-1062
1961
252
-22
-25
20
21
7
5
53
-31
41
50
-27
-14
8
-37
-24
20
-46
19
29
-1
-17
-11
4
0
-17
-18
-22
7
-13
29
18
26
29
-9
41
43
0
-19
-38
-14
-31
-11
-26
20
-3
-41
-24
-16
4
-27
2
15
20
4
-14
-15
5
18
-52
0
-20
-46
-23
26
7
33
20
-33
5
19
14
24
34
-15
-8
8
-48
-10
4
-29
0
34
25
28
29
10
-18
10
-28
-39
-22
28
4
22
22
-4
26
-4
-28
-47
22
3
-13
-9
30
5
-35
-7
-14
10
16
19
0
18
17
-7
-4
26
-40
-12
-19
5
21
24
-16
16
26
-37
-23
-6
-1
13
30
-8
11
23
-30
-4
-36
-11
13
19
36
7
4
-45
-41
-2
17
33
18
-7
-3
25
-25
-47
-43
16
40
-9
25
15
25
-48
-33
12
27
23
-11
26
27
-10
-38
10
25
10
27
11
38
-3
27
-30
-32
26
-3
16
-16
10
-21
-20
-8
18
1
25
25
10
-26
-5
-35
-16
41
20
13
52
14
3
23
-24
-16
-19
-34
16
35
-6
-1
-18
-41
-18
-4
8
39
-1
8
9
42
31
19
1
-39
13
-9
-32
-10
2
-41
20
23
-34
34
-6
-21
34
27
-9
12
-18
9
-29
19
22
-45
-4
-30
3
-5
-3
-15
24
9
-32
5
-4
31
1
31
17
24
18
-12
13
-16
40
-5
-16
24
26
15
15
21
4
-32
-14
-7
-53
-12
-44
-25
-43
-43
6
-3
12
-11
-28
24
0
10
-10
-27
-35
-10
26
-3
16
19
46
49
-5
-46
-45
2
-13
22
-23
25
7
15
7
-5
-2
-2
29
10
41
40
-17
-8
30
-39
-8
18
2
6
28
-32
-16
30
-52
-5
58
-33
-7
32
-26
-4
36
-39
-4
34
5
-1
-9
8
35
18
9
41
14
1
36
40
-16
-28
-28
-39
11
-22
-27
-32
-4
2
-12
22
-27
-3
-13
-11
5
17
31
35
34
0
-10
24
9
3
-9
21
11
-14
1
33
12
-22
7
15
-24
-35
3
-20
-17
-34
-30
-21
-1
11
-12
-29
-21
-13
-23
-36
-36
-13
0
21
-10
17
21
-26
-7
-15
-18
6
26
11
25
28
43
18
29
39
25
34
25
-23
-35
-37
3
14
-7
22
36
14
6
-31
-29
2
-17
-11
29
-10
4
-12
-20
-40
-6
22
31
-3
8
31
38
33
34
-15
18
38
-12
20
12
-21
-18
-34
-31
-36
-26
2
26
9
-2
-41
-33
-14
-24
-15
-1
-12
3
-19
-2
-2
-22
-11
-12
-10
-23
3
15
0
7
13
17
-10
-22
15
-11
-12
-18
0
3
-27
-4
-25
14
-21
-22
-7
2
-7
28
13
24
-22
-15
27
34
-36
29
8
-13
5
21
-38
27
38
-45
25
32
-9
-19
-20
32
-6
-22
32
0
6
31
1
3
36
-7
-5
12
11
-12
14
-28
-13
18
-29
-34
33
-4
-28
-6
-13
26
10
36
30
15
6
9
21
-50
-15
-26
-37
-27
-38
-5
-25
-37
-15
7
27
22
15
19
-20
0
27
13
-16
2
-29
-38
0
11
47
12
-8
-8
-6
-11
-18
-41
18
42
31
21
20
14
-45
-37
-28
11
9
27
12
0
4
14
9
31
23
43
15
7
38
35
-16
-9
20
2
-20
6
-3
-5
-24
-21
-49
-41
-10
-62
-55
11
0
54
-14
-50
-17
-16
-54
-8
28
12
41
0
-21
-10
-6
-20
-46
2
26
33
-42
-31
-14
-36
-62
-36
5
29
5
48
3
-25
52
-12
-55
-16
-19
0
-1
10
-14
37
-26
-50
-10
21
2
14
8
-25
57
-23
-34
-31
-16
-32
11
-7
14
-35
-19
-13
-2
-23
-24
-8
2
-6
0
6
-38
-28
0
-1
-12
3
-16
-16
-46
-40
-39
3
-4
-37
24
40
-31
22
37
-47
25
-6
-44
-3
42
-7
-5
27
-25
27
-7
-43
19
4
-17
5
21
29
11
-48
6
53
-6
-49
4
22
-10
-10
-33
34
25
-6
-15
21
30
34
19
-43
-1
46
-40
-56
15
-17
8
27
-19
15
20
-20
23
19
8
24
-28
-43
34
-5
-48
36
-17
-42
-4
-5
-11
31
5
-40
45
9
-21
-25
-9
-25
-6
-31
-25
-21
-14
-32
-8
-11
-22
13
-26
9
-11
5
-23
12
11
12
-23
-32
-30
7
15
-13
24
8
-29
8
8
-21
1
-26
-5
-17
-6
-32
-22
-19
-30
0
10
-15
30
28
11
45
3
-2
40
20
24
-29
-2
57
-59
9
27
-41
-9
57
-26
-3
12
-20
20
21
-28
-20
29
-2
6
24
-40
-9
55
-55
-23
41
6
-5
-22
16
-2
9
-27
-17
-16
-34
-11
-23
-31
-27
-6
12
-32
-15
16
-8
-16
4
-8
1
-19
-29
-15
8
8
-2
20
6
1
-15
5
-18
18
8
-36
3
27
17
-32
13
14
27
-16
-9
15
-22
-21
5
-7
0
-22
-34
-40
11
-17
-19
-10
-6
-13
36
19
11
13
10
-13
7
31
-8
16
39
21
24
6
-25
26
-8
-22
34
16
-13
-3
-17
3
-40
-21
-17
31
7
13
21
-15
-23
-42
-17
-8
34
-4
36
23
26
-5
-10
-26
-5
36
23
23
34
37
18
0
-6
-4
-23
-23
-28
-26
-6
-5
-12
-18
-22
5
5
31
-1
5
26
-8
29
8
9
6
-21
-20
-24
-28
-9
-35
-23
-3
12
2
24
31
15
-19
-22
-24
-4
3
17
39
48
35
13
24
-19
5
4
-22
-29
2
10
-8
4
-22
-16
-24
0
-17
20
1
-24
-7
-32
-6
14
-11
-9
-10
18
-22
19
-20
-20
1
-34
10
3
-13
0
-22
7
25
16
-23
38
9
9
39
13
27
-11
-16
-17
2
-23
3
-23
-23
-7
-38
-10
-38
1
32
-3
6
18
31
-41
-27
-36
11
35
34
26
5
-2
-21
-33
-26
-5
-5
5
31
43
-4
-22
-5
31
24
34
24
33
29
-1
-21
-18
24
-7
4
33
23
13
22
-28
0
-17
-6
-4
-26
-36
-21
-26
-3
-4
-15
34
-24
-45
27
21
-13
9
0
-27
53
-15
-38
59
17
-38
12
-14
-12
9
0
-24
61
-6
-31
-21
-38
0
-47
-28
-6
-48
-4
-19
2
10
46
-11
33
46
-11
15
26
-12
4
41
20
14
0
9
-7
-12
25
-22
-23
25
-12
-3
39
11
-41
32
-36
14
46
-20
-32
46
-21
-34
37
-20
-1
38
-31
-33
32
-4
-15
15
-20
2
-4
-35
-28
-25
-11
13
43
29
22
39
38
-15
32
15
13
-39
-15
-35
-36
-4
-13
-5
-25
4
20
6
3
41
-7
-1
-18
-28
-34
46
21
-32
57
10
-15
11
14
0
26
-9
-60
44
19
-65
13
0
-36
-27
-33
-12
-7
-20
10
7
46
16
-8
-33
-1
-23
10
-16
30
47
14
2
-35
-32
-25
-20
-10
31
23
41
-4
-46
0
-31
4
2
27
6
35
-22
-41
-15
-39
-24
13
13
-5
29
-16
13
12
-30
29
24
-12
33
46
18
25
17
17
-7
9
19
-19
7
-13
-25
-40
11
-7
-6
-25
-16
-43
21
37
-11
5
25
5
18
31
27
-44
-31
7
3
-18
-32
15
11
-28
-3
6
8
37
40
34
36
43
11
-32
-18
-8
18
12
21
-23
12
-1
31
30
8
5
0
29
0
19
12
-20
-6
-22
-25
-25
-53
-31
-34
-33
25
9
23
11
-16
-14
15
-15
4
41
25
29
-20
-6
-8
-41
-24
-22
37
31
19
-32
-14
29
-47
-3
18
10
30
31
-19
6
0
-45
-35
11
-32
0
-9
12
3
-2
11
-7
20
0
23
-6
39
37
25
16
9
-26
-18
-21
14
24
0
-12
26
14
-28
31
23
38
24
17
21
-16
30
-2
2
11
-13
-36
-30
-18
0
-25
-23
-19
-10
3
-7
-30
-25
19
-14
-28
19
-14
6
45
21
-31
30
18
-21
33
-9
10
36
-9
-15
30
20
-26
-13
-38
-22
-7
7
-50
27
-33
-13
-38
-17
-19
1
-16
-16
-25
2
7
19
33
26
-25
28
29
-3
5
-8
8
41
21
17
12
21
19
12
-7
3
48
30
37
18
-19
-24
3
-34
19
40
-7
20
-16
-38
-34
-9
-26
21
34
0
-1
-2
-13
9
-9
-11
-7
-7
3
1
-18
-24
-7
-4
-34
2
-7
15
-16
-26
15
-11
-10
-3
34
21
27
28
33
25
28
-10
8
13
12
9
16
-23
-6
21
-16
-7
-9
-2
-1
-10
-30
1
-25
-13
-36
29
38
32
16
11
36
-8
24
-13
5
35
-14
25
39
12
27
38
36
0
-11
11
-1
8
7
6
-22
4
-20
2
-32
-29
-4
-22
-18
-32
-27
46
-53
9
8
-52
41
-10
-7
27
16
-50
27
23
-43
20
14
-42
13
39
-53
0
13
-58
37
1
-16
37
19
43
15
10
-44
-34
-31
4
15
29
23
-9
-23
-43
-37
22
-9
42
-3
8
-4
5
-40
-32
-15
28
55
