-2260
-1001
6686
-8655
6194
16975
873
4999
-6600
247
1590
560
5124
1994
-15538
-2532
18192
2257
8205
-456
-2000
-4816
-3205
3426
12203
7237
-2703
-786
-3772
3142
1379
-2775
-4026
4030
-6027
-2670
2655
-4415
3563
-3200
6177
111
7499
14851
15933
1587
3122
-3590
4411
5629
-7267
633
-5741
1093
4629
-3463
2105
-2146
3393
-7015
-1806
3559
14993
-9736
8
-8
28
-2
-14
-20
-24
-17
-22
5
-26
-8
-54
-51
-15
-3
-20
-20
4
47
-1
21
-14
3
-23
-12
2
10
15
-8
28
-4
-17
-18
-5
-20
-20
-4
-22
-11
20
7
9
-17
5
21
46
47
47
56
43
16
26
-12
13
-4
-9
3
-34
-17
-3
10
18
21
0
7
15
-1
2
-20
-11
18
31
26
16
-17
11
16
-24
-27
-17
45
56
7
15
4
-29
-2
-7
-30
16
36
4
-10
22
-11
9
0
1
-7
10
12
8
-6
-15
-5
19
18
7
-1
0
-23
-38
-22
-14
-7
-15
-5
-20
11
15
11
-11
-20
-28
-24
36
11
12
22
10
14
-11
-43
-17
12
-8
-12
-4
-26
-16
13
10
-4
47
36
53
25
33
-2
-1
-33
-33
32
37
48
22
8
20
-26
5
-26
-46
-13
16
3
36
25
26
-35
-33
14
26
39
44
52
49
-4
17
-21
32
6
10
-25
-5
-2
-23
-14
-23
0
-3
27
41
12
16
-13
-5
-4
14
-26
-32
-71
-29
10
19
8
36
-1
-24
6
-21
7
19
23
34
-4
31
9
8
0
-5
-7
-23
-3
7
20
14
58
74
47
17
5
-11
16
19
13
-10
-4
-30
-23
-24
-22
-27
27
54
51
99
63
31
32
31
8
34
17
10
-19
-8
3
-8
-12
-6
17
25
13
24
3
11
-27
-28
-31
14
13
-3
5
1
0
-34
-27
-3
-10
0
-8
53
36
42
-14
-6
-11
-4
-28
-22
-12
-48
-9
23
-20
-36
-23
-8
-38
-18
-25
-5
-12
-6
7
-30
20
31
16
-20
-14
1
-1
-18
11
-37
-35
-16
7
-36
16
-22
-42
-2
8
20
6
3
4
1
-15
9
-36
5
-3
-62
-72
12
-28
-73
-2
24
-5
-25
15
5
-40
11
0
-34
21
5
-2
-1
5
11
9
15
-7
-32
36
26
-7
-21
17
10
-6
14
22
-21
3
24
-33
-34
18
12
-14
24
4
-19
25
31
-6
-5
14
6
-5
20
-9
-17
12
-20
-17
-1
-10
-41
-16
-4
-25
-54
27
6
-27
26
9
0
-13
28
19
-16
10
24
0
49
12
-47
25
53
-15
4
34
-35
30
-53
-5
31
-18
-20
27
21
-11
35
22
6
5
24
-5
5
-9
-20
-33
18
36
-20
-17
41
22
-15
-4
-12
15
45
-50
-5
83
-34
24
44
-9
33
52
-38
-57
49
-17
-25
35
-17
3
28
-3
2
-14
12
-14
20
69
42
-82
24
79
-48
14
82
-30
35
6
-26
-13
18
14
-4
-4
7
45
44
-38
-2
55
7
-24
11
5
44
-26
5
10
1
-34
25
21
-34
11
9
4
-24
-73
-1
-23
-62
-30
28
0
-35
-12
-13
-45
11
-13
-5
55
98
-17
4
101
21
-29
84
86
11
-25
-28
8
-25
-24
-6
-13
-10
-15
6
25
26
-25
5
18
-19
-7
-3
-24
5
-15
-23
11
17
-23
-4
-3
-35
-65
-28
-4
-33
-58
-27
-19
6
14
15
-10
-7
6
21
15
-11
10
11
25
17
20
20
27
31
25
-26
14
-17
11
5
19
15
-11
0
0
-23
1
0
4
6
8
7
-2
-10
-11
14
-18
-17
4
0
8
7
-46
-10
-51
-39
-15
-30
18
6
40
-20
0
-14
20
0
11
8
18
14
-6
7
-10
-5
18
-7
5
-15
4
-22
24
-1
13
9
1
7
3
15
-14
-2
13
-13
-20
-13
3
9
13
17
4
3
-8
-1
-1
-9
20
10
17
-16
9
9
-14
-10
-5
5
11
-15
-13
-16
-9
22
-2
23
1
35
-14
-15
3
-1
-19
2
-17
1
16
3
-11
11
-12
-23
-20
34
14
16
-16
-1
17
-1
11
8
-10
32
11
-8
-13
-8
-18
-3
11
0
-14
1
-37
-27
-16
3
-13
-22
-21
-14
-3
-12
4
-31
-10
-47
1
30
1
36
-3
-21
-22
-40
-37
-8
-7
-17
13
2
2
-18
-6
13
15
-5
10
13
12
6
13
16
13
-28
15
42
-11
-32
-45
-48
-55
-63
-44
-19
-26
2
-30
-55
-16
-16
-11
-16
25
9
45
-9
-10
-8
-10
-8
-9
20
-3
6
-28
-28
-52
-24
-37
-4
20
18
52
-15
8
19
14
9
-12
0
23
17
-10
6
30
19
51
-15
-11
30
14
-11
1
-9
-10
19
13
19
-17
-14
-14
-4
3
-13
-24
-12
-27
-34
-22
-30
-2
-22
-30
-18
7
3
-3
24
9
-22
8
-14
8
4
11
-10
13
33
12
-1
25
-1
22
3
-18
-18
-10
3
-18
-19
-10
-21
-31
-20
5
45
35
30
27
18
27
-9
-1
-4
-1
3
25
19
26
21
8
0
12
-9
18
-3
15
0
-11
-10
-21
-4
-30
-17
18
-56
-21
-48
-43
-43
-8
11
29
14
15
9
-8
-18
9
-11
-1
0
-16
1
8
-9
9
7
-11
47
7
22
3
23
4
-15
-38
-20
21
12
11
17
27
8
-36
4
-16
18
-3
9
-26
10
-20
-41
-1
-1
13
1
-11
0
10
-11
-4
1
-14
18
5
-20
16
21
5
4
2
5
-18
27
13
6
8
-38
-15
-5
-14
27
6
13
-12
47
0
-21
42
-5
-14
14
19
-27
-14
-3
-20
-34
-45
32
34
40
11
13
4
15
26
-5
38
55
0
-10
21
-4
4
11
-5
35
18
-52
46
-21
-8
25
27
17
15
14
-10
-5
-1
-5
-22
-6
20
18
20
-6
1
-6
-17
0
-14
-20
-31
-7
-12
-46
35
-44
-29
52
-16
-1
-44
-22
-55
-45
-70
-78
-56
-28
-71
-69
18
-135
-158
-122
-181
-124
-135
-8
22
36
10
9
14
-35
14
-28
-60
2
12
-28
-18
-56
-28
-6
-10
8
13
32
-21
-10
-7
-41
16
-30
-35
-109
-27
-22
18
-26
3
15
46
0
11
25
0
31
-10
-7
-10
-28
1
-4
14
4
-26
-41
-32
-25
-24
15
24
25
-6
0
10
4
6
1
-77
-116
-40
-136
-108
-121
-149
-103
-116
-11
-10
-3
8
-12
-4
10
8
20
14
8
5
39
11
20
30
7
39
3
-27
-5
-34
-6
-29
-21
17
-17
-2
-8
-15
24
-11
16
0
12
-4
16
12
-1
1
-4
2
-5
-12
14
22
-6
7
2
38
48
22
0
19
12
-8
3
5
-4
17
1
-20
-21
-1
8
-15
4
-1
-3
5
-19
6
-24
-7
-35
-56
-5
-28
-49
-27
-20
-23
-23
-9
-2
-29
8
22
5
-18
-5
-1
-12
17
-19
-9
32
3
20
-12
3
7
7
-15
-7
-20
1
18
0
-14
-14
19
2
-5
-3
47
-4
9
6
33
-18
-19
16
-11
-7
7
5
-8
-25
17
-20
1
37
4
7
11
14
12
9
16
-7
13
-12
-7
-37
-11
-22
-6
-11
-27
12
-25
-13
-41
-15
-24
-64
-35
-54
-49
-89
-54
-22
30
-29
-10
56
12
-15
28
-8
-42
-12
-16
-10
-15
-18
-4
-52
-55
0
4
0
21
0
-3
-7
21
8
12
3
13
26
42
29
22
15
2
9
-34
-19
-21
-42
-40
-42
-81
-67
-24
-4
2
10
-47
13
-6
-43
-11
-11
-5
7
-10
-3
16
0
-20
-9
-9
3
-15
17
-1
70
13
31
30
17
-13
9
25
-4
21
30
9
6
35
23
46
48
43
67
22
7
55
3
-24
-25
19
-16
10
5
10
18
11
17
17
-1
-7
24
-19
2
3
-7
6
-18
-21
0
-10
-5
-15
-22
41
25
-22
29
41
32
42
4
-11
-20
-21
31
-23
6
12
-33
15
19
1
17
17
34
54
18
21
8
-11
-34
0
20
-55
-1
67
-19
5
56
25
-2
-10
23
-26
-29
5
-21
14
8
-13
-5
-4
12
14
-10
4
-8
0
31
-13
-5
-62
-15
-38
-35
-33
-19
-33
-16
-40
-48
10
-13
7
18
-5
12
2
19
15
-5
4
17
4
-73
-43
66
-75
-20
52
-37
-1
57
-14
-10
0
-20
-20
17
13
11
13
22
48
17
21
33
-17
27
-3
-35
-14
9
19
-9
-11
8
2
0
-4
-33
-7
51
8
21
58
-20
39
32
-15
-15
-19
-19
-40
-1
28
-8
24
28
-6
-84
27
-27
-75
-1
-53
-28
-19
-83
-6
-45
-80
15
-22
-13
-40
14
7
-3
-2
-21
-3
8
-10
9
1
-25
26
-14
4
28
-23
-9
64
-16
-27
49
-39
-31
22
-28
16
46
33
24
-7
29
-41
0
-30
-14
9
-53
-70
22
-44
-54
15
-8
12
51
43
12
-71
7
-38
-66
9
-3
-41
76
34
41
40
30
19
41
15
41
22
-57
-65
22
1
-37
6
6
-33
2
-41
-17
-1
-67
0
14
-21
-11
14
-30
-54
-7
-122
-77
-100
-113
-58
-9
-33
-24
19
-26
-34
-12
-23
2
67
30
-126
53
-23
-141
36
0
-84
0
-55
2
-14
-45
5
-28
-25
1
-20
-37
3
-15
-19
63
45
25
97
-5
-43
7
-2
-36
21
-51
-17
36
-27
-20
-88
19
1
-66
0
-34
-64
-13
-48
-25
-3
-41
-33
21
4
-23
-29
-27
-32
-53
-23
9
-5
-45
-27
1
-17
-50
-24
-62
-63
-8
-6
-32
-54
-28
19
-36
-61
-25
-50
-55
-23
8
10
13
1
2
-1
14
-18
3
-83
-80
-51
-63
-112
-95
-64
-7
-31
-4
-3
-6
-6
6
-20
31
-11
-21
13
20
19
16
-7
-7
-20
11
15
12
-8
-28
-18
13
-28
24
3
-7
10
-29
-29
-4
-10
-35
0
-29
-36
-2
0
8
-17
-37
14
8
-40
11
7
-2
-7
6
-16
2
1
-17
0
-22
-25
-49
-15
-3
-21
-14
-19
-18
25
17
13
51
40
22
21
60
2
-27
28
-19
-59
-35
23
-82
-16
6
9
22
-13
24
44
-16
34
-6
15
-21
-41
-31
-55
-63
-78
-11
-24
-39
35
24
2
22
7
-2
42
28
27
5
-36
-13
-18
-6
-46
-54
-25
15
-54
-70
-26
-65
-71
-116
-62
-60
-21
2
-14
-5
23
25
-10
12
3
27
-17
32
-37
-5
7
4
-30
-22
26
56
55
36
99
102
118
64
77
79
-14
20
-16
46
38
31
10
18
-13
11
-9
-5
23
32
-6
32
19
5
-45
-27
-4
-46
-66
-63
-79
-26
-10
-31
0
-25
-22
-30
-9
9
-26
-8
6
-24
9
14
-46
22
-23
28
53
6
15
-5
11
17
-16
20
-12
-17
47
22
-3
38
66
35
62
75
43
-24
-43
-27
-49
-29
-38
-15
-13
6
18
17
39
28
-5
84
14
-17
-30
-6
-7
19
27
-7
16
2
-37
-57
19
52
17
20
14
17
-61
-58
-62
-42
-27
-17
-9
21
1
-17
-9
-49
16
-10
1
-7
-8
4
11
25
52
0
7
-13
-12
-11
-3
-15
16
-1
-25
-44
-5
28
43
60
109
86
121
29
16
0
27
-16
-21
-32
-60
-46
11
-13
5
-9
7
4
8
15
-12
-23
2
9
-30
-9
0
-31
-6
-36
-17
-40
-10
29
40
38
0
-6
9
0
-14
-26
-9
20
-10
0
-35
-5
-15
-7
18
-9
15
-1
-15
-14
-7
0
26
22
-21
33
21
-61
-47
-96
8
11
16
-2
-37
-9
16
-6
13
8
-26
6
-4
-19
55
28
-39
58
12
-32
30
18
-5
-33
-46
-93
-46
-24
-54
-15
38
27
30
33
28
34
-36
-32
-17
-30
-2
-12
36
63
25
-47
-36
-34
7
0
-31
32
74
6
-64
-39
-44
-21
-2
-4
111
125
89
-16
29
-13
-26
7
0
-30
-20
-41
-1
-88
-24
-17
-51
-8
-42
-116
-28
-28
-31
-44
-17
10
-73
-9
-19
0
-7
-56
-48
-12
4
-11
24
-11
-11
24
15
-9
32
18
19
-19
-72
-13
-10
-53
-46
11
45
24
125
97
125
42
31
-11
9
-8
1
-39
-89
-48
-44
23
-7
0
22
15
17
-6
50
26
-20
-3
45
-12
16
0
-34
-37
-36
-10
6
-25
-16
-22
2
14
-40
-39
-18
12
-11
-18
-4
10
36
-7
5
-20
-10
7
22
-17
25
11
12
-7
24
-1
-17
-14
6
-45
-12
-6
-7
0
4
-20
-8
0
-19
-8
-27
40
20
10
42
43
40
-12
17
-20
10
-4
32
34
19
36
-2
12
12
-20
16
13
-1
5
19
-2
1
-23
-53
-48
-52
-57
-37
-16
-25
-29
-50
-12
-41
-25
2
-25
-6
-18
-10
-10
13
-15
17
1
20
-8
15
-12
4
41
61
26
12
24
27
-5
24
-16
4
54
11
21
47
34
-40
4
-25
26
57
39
62
73
47
8
3
-6
-20
11
4
-20
-9
10
14
1
19
-9
7
9
-12
-6
-2
-37
-7
-34
-50
-86
-21
0
-34
7
57
68
56
16
36
18
33
59
26
-9
17
-21
-37
-73
-11
-65
-88
-10
-16
-6
49
55
63
54
42
93
54
6
13
-5
37
48
59
-7
12
33
2
-6
48
-26
-63
-26
-26
-20
-32
-35
-6
-33
43
33
27
47
37
45
2
29
37
-16
-9
13
-46
-45
16
38
63
89
-25
-41
-23
-14
-28
-9
-29
1
5
-34
-26
13
19
7
31
86
92
91
0
15
-21
53
56
-2
14
37
-1
-29
-29
12
-26
-55
-51
-55
-47
-4
-43
-31
-52
-45
-42
-34
-23
-38
-28
-11
1
1
-28
-7
31
-4
-32
-18
35
40
-11
59
72
17
88
49
30
-5
-9
5
-22
-2
-29
-36
-9
4
13
11
27
-15
-83
-13
122
86
149
13
18
17
-5
7
6
-18
-12
-16
-9
-17
27
72
42
73
49
70
85
6
-30
-14
27
7
-25
0
3
-23
26
0
-17
-8
-16
3
-19
-1
21
0
-12
-19
2
-4
-29
-13
-21
-42
-1
-6
-7
3
4
-6
-4
7
-26
-19
18
-10
5
10
-11
-1
18
9
-61
-35
16
-48
-104
-76
-37
-42
-83
4
-2
-27
33
22
-15
4
28
4
-9
-14
0
2
-5
-5
-8
15
-12
-5
-46
-64
18
-16
-67
14
-21
-52
3
-24
-27
5
-14
-25
6
-13
-2
-19
7
16
-1
19
48
-14
-7
40
-11
-5
-10
15
20
-14
16
-18
1
-12
-49
-45
9
-57
-63
24
-53
-70
5
-21
-51
21
14
-27
6
6
-23
17
22
20
-41
13
43
-61
9
12
50
17
-51
27
69
-24
2
20
8
-16
4
28
0
22
-10
-40
5
2
-5
-21
-12
22
-16
-69
37
3
-54
-7
-51
47
-9
-25
-79
-27
-9
-44
-39
-46
58
-31
-74
-57
-50
-26
-49
31
-44
-69
13
-6
-54
19
6
-28
81
87
42
-5
46
58
-39
2
81
30
36
-10
10
5
23
-22
-1
20
48
78
64
-11
40
88
-56
10
46
39
14
-36
29
37
-27
6
0
8
-45
-28
-7
-27
-44
-99
-52
-18
-47
21
7
3
20
18
11
9
-4
-12
47
46
58
-14
20
75
-46
-10
79
26
29
-36
8
33
-36
13
28
8
10
-30
-31
19
9
-83
31
30
-7
-7
-40
-40
21
-27
-46
25
7
-36
-35
-1
-2
-28
-20
36
-75
-65
17
-25
9
-8
11
1
-6
7
1
-12
34
2
-7
-14
-22
3
-16
-14
-11
-15
-26
15
2
0
22
-11
25
18
8
-18
-7
19
19
-23
0
-34
-19
-2
-16
-6
-12
15
8
16
-6
-11
22
40
24
53
51
-8
16
24
42
-22
-20
5
-2
0
18
35
8
11
-7
-17
-19
-19
16
-17
11
-12
-2
-43
-32
-7
21
7
18
24
4
19
8
-16
23
5
1
16
14
-24
-24
35
21
16
7
5
29
7
-27
-7
-9
-14
0
-2
-17
5
11
-10
0
11
20
27
14
5
-5
-24
-6
-24
-61
-42
-19
-7
19
-11
9
27
26
-3
35
14
-18
17
-12
-31
-41
-8
28
-14
-14
-2
30
17
12
39
23
2
32
15
30
19
0
-21
-2
0
-30
-41
14
-10
17
-10
21
20
21
9
0
-9
23
12
6
-6
1
-25
22
32
53
75
91
15
36
34
21
-38
-22
-21
-1
-1
-9
26
25
-14
4
23
-9
8
6
-22
-19
-24
-37
4
51
10
19
19
11
36
32
25
111
123
69
80
95
87
62
44
1
-27
-4
-24
-10
-12
11
3
38
25
-9
-8
34
62
79
4
-3
34
36
-19
5
2
-1
15
14
2
-10
-17
-6
8
45
-30
-7
45
-62
-57
-21
-15
-19
0
-4
-7
-10
22
28
5
-78
-54
-16
-51
1
-5
24
2
6
-19
-30
-12
10
-10
-5
-3
-15
21
36
22
15
28
28
43
35
-20
7
-5
-18
-34
-9
14
-22
20
14
33
-13
-12
-44
27
9
24
39
58
50
-17
-6
-27
-28
-14
-35
53
37
16
-34
-20
-11
-7
6
-20
19
-6
-2
-2
-22
-13
-4
-1
1
0
13
-7
15
27
41
67
76
45
0
-9
-26
1
5
-18
-3
-17
-13
3
32
27
4
4
9
-4
13
-5
8
14
2
3
-24
-12
-11
-36
-31
-1
9
-21
-43
-38
-29
1
-34
-24
40
55
36
-13
-4
-30
10
7
-10
26
21
49
3
-12
20
-5
16
-18
-5
0
-4
4
-26
-17
14
5
26
19
26
23
-15
-7
2
-19
7
-2
-26
-21
-7
-21
-15
-41
14
-30
-31
-16
9
27
-8
1
26
11
10
-23
24
8
30
-29
-27
-25
-19
-50
-14
29
37
8
2
38
12
-5
-6
-22
-50
-52
-31
15
15
12
-19
-10
13
-13
-74
-127
-3
57
37
59
102
61
9
-12
-5
4
16
-12
-9
-20
-11
-13
7
-16
3
25
-5
6
9
-23
-36
-51
21
44
38
-11
28
34
59
48
75
37
45
0
0
10
53
43
69
68
81
1
8
-16
1
-18
-6
7
30
18
-8
20
30
36
86
27
-42
-21
-45
-27
-18
-59
1
2
-16
47
61
48
2
62
48
-3
-35
-11
-99
-110
-69
-26
-21
-27
3
-16
-23
26
28
31
21
20
29
0
-9
-22
-37
-46
-30
-15
-35
-22
-20
-5
-19
25
44
24
-39
-25
-51
29
11
17
-12
0
29
17
-10
-10
26
8
27
11
17
34
7
31
29
39
31
24
12
11
-5
-15
1
-5
-7
-9
10
-8
21
6
15
12
-9
-4
17
20
4
9
23
0
14
-1
8
-1
7
-2
-21
-23
-14
0
-3
-5
33
-8
17
13
-6
1
-10
20
17
-9
12
-13
20
-8
2
19
-1
11
17
-1
-13
4
10
-32
-34
-10
-15
-39
-19
-25
9
0
-19
-5
7
-14
7
9
31
34
-2
-3
-7
12
4
-12
-3
8
20
21
-20
6
17
-3
6
-19
19
11
-21
0
-9
-10
6
29
-3
31
26
4
7
-9
0
-29
10
-16
-21
-21
-27
-3
-2
-24
-2
-6
-2
19
0
8
-28
1
-1
15
-8
3
3
-22
-19
-21
-7
15
-22
15
13
30
3
27
-40
-14
-11
-38
-35
-22
-52
-23
-41
17
10
-17
16
5
-4
14
37
18
-3
-6
-32
18
4
4
-6
-22
28
14
-21
0
-10
7
6
-24
-8
-14
-5
0
-35
3
0
-5
9
8
0
-31
-43
-34
-46
-33
-21
-35
-53
-12
1
0
-26
1
-7
3
29
-33
-10
-9
8
-7
-7
9
-2
4
-17
-19
-6
31
-11
25
19
13
7
0
3
8
12
-17
20
25
-4
32
29
28
-7
-33
-16
-49
5
-36
-25
-11
-2
13
-1
2
12
-12
20
27
-13
2
-24
-38
-8
-36
-30
-40
-53
-22
-45
-10
30
21
-4
24
4
-7
25
32
-5
-15
17
11
-15
16
-21
8
3
-7
0
33
-32
20
27
5
-1
44
0
0
10
0
0
23
29
9
1
-14
6
56
-4
19
32
-14
28
30
-11
-40
-18
-6
-25
10
-8
6
35
-2
-22
-9
28
-3
24
0
-3
-6
65
-11
-34
35
-11
30
0
42
0
-58
-15
44
-70
24
43
-21
45
25
-13
17
3
-9
4
1
-12
-1
-5
-19
7
34
-27
19
26
13
34
30
-24
-18
-2
-16
-17
42
-31
23
15
24
23
3
23
2
-22
9
-20
-11
0
-3
-7
-5
0
-8
-3
19
5
-5
48
52
29
74
30
29
46
18
-28
-10
11
-43
-32
36
-39
23
50
23
-84
-55
-26
-104
-22
-42
-19
12
-36
5
6
-91
1
10
-39
16
12
-23
-27
3
-42
-22
7
-47
8
17
-15
-7
7
-27
2
60
-7
17
48
-6
7
38
31
69
-16
18
3
2
20
41
-29
8
12
33
-31
19
34
-42
5
24
-49
28
55
0
29
32
74
5
-24
7
-86
-5
-33
46
21
-41
45
38
11
54
35
74
20
7
-76
11
-10
15
24
-8
54
-3
-37
-71
-36
4
-82
-5
39
-45
15
39
30
-33
-40
-9
-14
33
-76
4
-12
-30
-30
-12
-36
-9
-2
5
-4
23
4
-66
-56
-29
-197
1
-46
-93
28
-56
-12
14
-76
-19
31
-34
39
29
-36
-34
-1
-68
18
37
-38
28
66
-26
-13
9
-7
15
48
-22
18
20
-12
-17
-48
6
-22
-45
9
-24
-30
5
19
-3
26
1
-23
35
13
0
-53
-42
-36
-22
-40
-39
-9
-10
-8
15
29
-15
17
-6
-1
22
1
13
-9
0
-7
-7
-20
-1
-10
-7
-31
4
-21
18
10
17
-22
-21
-2
9
-38
-17
-1
-7
-5
-11
-22
-58
-9
24
-1
-17
8
9
-9
12
7
31
8
19
-2
6
12
21
-6
-21
3
21
-16
4
-21
8
5
16
-6
-9
12
-10
18
9
-8
12
44
18
6
-22
-49
-32
-9
12
-18
6
-9
12
-15
12
-3
8
9
19
13
15
-10
-55
-15
-8
-54
-42
-40
-16
-47
-58
28
28
-3
9
17
-3
30
22
-32
28
-29
-19
16
16
20
-14
-3
-9
21
-28
3
41
6
-12
48
12
26
-1
0
6
22
1
37
9
-3
34
-1
10
-7
-35
-34
-32
9
-30
-23
-55
-71
-59
-68
-65
-40
-4
-70
-129
-43
-40
-53
-48
11
-25
11
-19
-23
12
-2
22
9
11
-19
3
2
-23
24
-20
-33
63
-11
-39
10
-7
1
-16
-44
-62
65
43
33
6
64
34
6
-68
-77
79
52
17
16
83
74
5
6
-10
55
5
-18
32
42
28
-21
0
1
3
18
5
-10
-14
-24
1
4
5
39
-11
-18
34
32
-5
24
10
-43
-17
-18
-99
11
-12
-75
18
17
1
34
24
-18
42
15
-5
19
26
1
-10
-20
-9
-2
-1
-27
22
0
2
29
8
-10
46
22
-20
-70
-72
-65
-2
-29
-12
-64
-12
-9
25
-2
19
13
18
-3
-30
-3
-4
7
-5
13
-7
24
-12
5
-22
-2
-5
2
-3
-7
4
7
-21
-19
-1
-7
6
1
1
16
6
-17
-14
-17
3
7
5
11
18
-24
2
9
10
84
65
48
42
30
43
42
73
28
10
-6
-17
-4
9
-4
-1
-4
-22
13
11
12
-11
-4
-14
-19
1
17
29
-16
0
0
-21
-40
-27
-20
-18
25
19
12
4
-19
-8
2
11
29
-6
27
-17
-7
9
10
-47
-28
9
7
1
-5
-8
-12
7
19
-7
-13
-4
-31
15
2
-1
12
-6
7
-8
-8
5
5
3
-2
-17
28
29
16
0
9
-4
14
-44
-3
-24
-13
2
22
10
-20
-9
17
4
34
-16
15
-20
-5
3
-17
-31
-23
-13
-36
-11
27
-13
29
-29
5
-10
11
0
-22
40
0
41
33
51
-1
-19
65
53
61
28
10
44
36
6
31
65
53
26
1
-8
-2
13
9
1
-20
-3
-40
-31
-25
10
-71
10
-8
-54
-36
-28
-15
-38
49
10
-5
9
5
-6
51
61
-9
87
55
49
0
5
-5
15
-4
9
-7
-23
1
2
-12
-16
86
29
28
50
54
36
76
67
30
-29
-6
-18
-4
5
9
-3
-9
-23
-32
-1
-24
-67
-67
6
-50
-15
-8
4
23
19
-16
11
-20
-14
0
11
18
21
4
-11
28
-4
32
24
-9
15
-26
-7
-14
0
-1
-27
-14
15
31
37
36
63
73
71
5
8
40
12
20
-23
22
22
2
12
-13
-12
-5
26
9
8
2
9
-2
-9
11
0
-9
2
16
14
-8
6
-22
-5
8
-7
10
-25
-4
0
0
-1
-3
-1
0
8
1
21
-6
-7
-19
10
-39
-92
-83
-115
-96
-119
-89
-108
-65
-5
5
16
-14
8
-9
23
10
26
-16
10
-10
6
7
-4
-3
19
20
-13
0
3
20
-1
0
30
5
-5
15
-15
0
-12
3
4
-28
-15
6
17
27
31
-13
15
33
19
15
16
-19
20
-2
11
14
2
0
10
-14
11
9
-14
43
0
-22
26
-13
-14
11
-19
3
-24
20
-16
12
6
21
13
-34
31
-26
-8
16
-5
-23
7
11
7
6
14
7
15
-2
4
2
12
4
5
-5
2
31
-2
-5
19
5
14
-8
2
15
6
19
15
-3
-29
-53
-83
4
-57
-69
-34
-18
-95
-56
-99
-99
-58
-71
-94
-67
-64
-87
-40
0
-16
-17
-10
0
-14
-1
-1
-71
-102
-24
-112
-162
-71
-81
-142
-78
-17
19
-2
-41
-52
-15
20
-12
-16
-16
36
19
-51
-21
-28
-4
-45
-41
-5
18
12
21
-4
20
8
5
3
-30
-107
-66
-92
-110
-110
-71
-75
-70
-4
20
20
2
-13
22
-11
10
-7
-15
-135
-113
-120
-171
-112
-97
-151
-93
10
-15
-5
-20
19
21
-2
17
10
20
-2
4
-10
6
18
14
-1
25
-14
-23
-20
-8
-32
-7
-6
-6
-36
6
-1
23
-49
-40
-39
-12
5
-28
-8
18
29
-17
23
-6
7
-9
-15
-4
4
16
-26
-21
-5
11
-2
7
24
18
-6
17
8
-5
12
7
-5
14
26
14
-1
-11
4
4
19
-8
-7
15
0
12
-3
1
-20
0
-17
-22
-33
-15
-3
-49
-29
-50
-35
-53
15
1
-17
0
10
18
16
-16
20
20
1
-2
12
-6
9
16
-7
-7
25
-5
-3
20
1
5
7
14
5
0
9
-28
-13
-2
-24
7
3
-26
-29
-29
-19
-42
-17
-31
-12
-17
26
0
10
-4
-17
-15
-16
-21
4
19
21
-38
-3
1
3
1
-5
30
0
6
25
-12
9
-5
8
-20
12
-7
-16
24
4
-1
-1
-5
46
10
19
-19
0
-1
10
2
-23
15
-8
-19
-25
-21
-27
6
-9
1
15
18
10
36
9
-4
-18
-21
-18
-38
18
-4
26
34
46
41
-5
28
-56
30
-46
-18
-14
19
-11
-32
-43
-75
-4
-55
14
14
-5
-20
-20
18
-23
12
-7
-33
-33
-66
-35
-38
-62
-2
-35
-20
-81
-72
-52
-35
-37
-50
42
13
8
-60
-47
-5
-43
-27
12
40
29
47
0
23
4
-4
22
-7
11
20
30
-39
-29
-16
-45
-15
-22
-32
-17
-62
-3
1
-17
11
0
21
21
13
24
-48
-11
-38
5
-28
-84
3
-69
-64
17
30
16
-10
-8
-17
4
4
15
10
1
-4
-30
0
0
-4
-11
0
8
39
-6
21
-26
4
-23
23
-12
-61
-31
-15
-50
-30
-9
8
-1
-9
10
0
9
-5
-6
13
-60
3
10
23
11
19
6
28
45
7
21
18
6
6
8
-34
-38
53
-82
-11
32
14
-9
21
36
4
-22
12
13
-12
20
-17
19
12
3
-6
-18
15
-12
86
64
7
34
62
28
-81
-5
0
-33
0
-15
-77
-81
7
-73
-56
25
-8
-1
16
18
10
-14
8
-3
1
15
12
21
-20
10
50
-72
-37
38
13
9
19
-44
-59
-42
-34
-19
-6
0
-57
-7
19
17
22
55
48
24
10
8
-8
-7
15
-5
10
-14
7
-14
-5
17
0
26
22
5
44
57
10
-17
-5
-16
-21
-13
-11
-34
-10
12
-13
-55
-18
-59
-64
5
-70
-9
-29
0
21
-132
-75
-10
-95
-113
-46
0
3
-12
1
-11
-32
-9
-12
34
33
17
7
27
0
20
-57
-15
11
94
71
59
36
38
103
-57
-11
63
88
68
22
73
65
42
-12
-31
20
4
1
2
-31
-52
22
-106
-14
18
17
-66
-60
-54
-178
-123
-41
-142
-50
-39
-56
-11
13
24
48
36
-6
46
-12
-92
-8
-23
-57
6
0
-12
22
10
6
16
-95
-97
-22
-90
-80
-23
68
65
19
57
36
11
-74
-10
-11
7
-39
-1
-8
-33
-26
-12
-20
-9
12
-7
-35
-34
-118
-149
-89
-171
-150
-18
13
17
-69
-64
-30
-67
-84
-3
15
-6
2
-23
-28
23
4
-25
42
0
34
3
12
26
30
-55
-15
42
2
-1
-15
-12
24
-26
54
15
-2
-3
4
0
2
4
-21
25
-10
-1
48
33
28
50
21
6
9
24
15
-2
-36
4
-23
-38
-10
-12
-27
5
14
51
16
53
15
26
42
13
-25
-9
0
13
-6
6
9
9
-21
9
13
31
46
101
54
45
41
63
60
21
-22
-12
4
-17
4
12
-1
17
-7
-13
8
-15
-17
15
1
20
-20
-33
-13
-25
-32
-66
-17
-30
-12
-10
16
18
0
31
19
6
10
3
-33
7
13
18
10
-1
32
20
2
20
16
6
-18
-9
18
17
-12
-4
7
-6
-11
-6
18
12
1
4
7
13
-1
0
-5
-5
-14
-26
9
16
22
2
29
2
38
23
16
25
-7
9
-27
-40
-68
-43
-16
-57
-10
22
-29
0
-10
20
-10
-2
-14
17
0
6
-25
-31
-35
-13
-59
-63
-66
-41
-14
-89
-73
-65
-62
-107
-33
-39
-22
-24
0
-46
-21
8
0
-16
-9
20
18
-7
24
-24
8
35
30
14
35
15
-44
-5
-20
-31
0
1
11
9
11
-71
-48
-90
-3
-67
-16
15
5
37
-1
-25
-56
32
-32
36
27
42
43
10
-31
-29
-26
-34
-12
14
9
-19
4
42
26
82
44
44
33
83
39
4
25
15
15
3
-24
34
-10
-19
-41
-35
-21
-35
-51
-19
-29
-31
41
23
-4
-20
5
9
-9
4
-6
-20
-11
-33
-43
8
-49
-15
7
-3
-31
-4
8
-12
39
14
-36
15
5
2
57
29
26
98
94
74
73
62
36
11
24
-11
6
11
1
23
27
10
20
-6
-1
22
10
33
32
37
6
13
3
-25
17
6
-18
34
24
-4
7
-22
-15
15
14
-8
49
36
37
-10
-20
7
-16
-11
-10
15
-16
8
-14
-46
2
-15
12
0
-56
-8
-16
6
7
-5
17
-11
22
-29
-1
-19
-5
19
15
-14
8
-17
-4
-8
-5
-10
1
6
6
-23
-35
2
2
-13
-19
-40
-31
1
-12
-7
44
41
7
-6
-48
-43
2
-5
-4
57
22
2
-2
-4
-1
5
13
20
4
-1
-6
13
27
-8
14
17
-6
7
50
14
-11
15
46
-31
-26
1
-38
-39
-38
-39
-35
-19
32
-16
-13
68
37
-5
5
17
21
-26
-20
-2
-20
-19
-11
-20
-19
3
2
-3
-15
33
23
17
3
20
-11
-41
-15
-26
-22
-26
-42
-13
22
-23
-7
9
-42
10
26
-3
-4
-27
-27
-10
-12
-9
12
-16
-8
-4
34
22
-6
15
-2
-36
4
-6
-45
-50
-46
27
-53
-31
44
-19
-39
-44
-24
-73
-39
6
-15
-14
-48
12
-25
-58
-35
42
-17
7
9
-42
-15
17
11
-3
3
-20
-5
-10
-19
-24
-21
-56
3
-16
-19
-7
-11
-13
11
14
-10
-13
48
2
20
13
4
4
-20
-136
-64
2
-91
-81
15
-92
-57
2
29
0
26
-19
3
-2
-7
-16
-5
43
41
-22
7
-9
-32
-20
-6
-21
25
0
-14
36
-17
14
23
34
13
-42
-24
9
39
-2
9
20
44
8
-2
14
-1
13
3
-2
0
15
-49
-60
-53
5
-16
-11
19
9
28
-27
-26
4
-3
3
0
1
19
-6
-37
-26
-24
-28
-37
-1
30
20
41
0
-3
11
5
-14
-14
-5
0
-8
3
-12
-9
-37
-3
-32
-19
2
-24
-3
20
14
-5
-20
-2
-21
-27
-8
1
-17
-11
10
10
-17
-18
-19
-4
14
40
8
-6
21
-14
-16
0
0
-34
-57
-49
-1
-9
-5
73
46
34
-31
-70
-51
31
-15
-13
39
71
41
4
18
-8
-9
-20
-18
-20
-10
0
-14
8
-27
1
21
24
8
-6
-4
29
14
23
-15
-17
20
-25
-38
-39
-48
-59
-17
-17
8
4
59
31
43
-16
2
7
-22
-6
22
-12
-10
5
-17
-37
-67
10
-26
-11
76
49
44
52
34
60
-19
31
21
-8
-28
0
0
68
38
-28
8
44
-4
24
9
9
14
23
-49
0
-8
20
48
-4
28
31
19
-14
8
-10
-38
-16
-2
-24
-55
-26
0
-7
-20
33
32
7
6
-7
15
-12
-7
-37
-30
4
-1
-56
-89
-29
-54
-37
-54
-26
11
-7
9
13
28
16
15
1
-3
-36
-22
-2
-1
8
-66
9
-18
-10
-23
-39
-3
-24
-28
24
-19
-22
26
-9
17
-28
-81
3
-4
-6
-9
23
6
27
13
11
32
14
-2
20
0
-27
-25
55
78
70
29
40
50
-11
10
-17
1
4
11
-11
8
-14
-21
15
8
-50
-72
-56
-15
-82
-38
-20
-1
-28
5
16
-9
-3
-4
-17
-12
-12
2
-29
-23
-46
-31
-39
-49
-38
-20
-27
10
17
19
24
36
3
-12
18
14
-19
-19
-10
-17
8
-13
-16
-21
-21
-10
16
-13
19
2
-4
-2
-19
-19
6
-7
26
-37
-36
-37
5
-14
-74
13
7
19
9
18
-20
18
4
0
0
-11
3
20
15
3
15
-2
0
24
31
9
26
33
12
7
23
29
19
-1
10
-9
26
1
-16
-12
-27
4
6
4
-1
22
-10
-4
15
24
-16
5
20
20
-6
6
-3
-2
0
-3
-15
-31
-24
-28
-32
-42
-49
-20
13
-13
24
5
6
-16
-5
-5
3
14
35
28
-1
0
27
31
12
-1
-12
-39
-17
-22
-14
-17
-3
-25
-2
37
49
31
46
49
49
4
23
-3
14
31
31
33
32
31
45
45
36
-45
-21
-56
-46
-70
-62
-48
-38
-60
15
25
15
-18
-7
-25
9
-8
3
16
-7
1
-19
-8
-15
1
1
-1
0
17
-9
7
-6
37
61
17
1
-39
-15
-17
31
-9
-22
-46
-56
-17
3
52
28
68
28
23
14
3
16
21
20
25
23
17
22
28
-11
-6
6
16
17
-37
-28
-42
-16
-1
-64
0
14
-17
11
-17
-6
17
0
2
26
-8
-20
42
31
4
108
83
-2
20
-14
4
16
-6
-21
7
-5
-1
-3
-24
-9
-21
-15
-20
-18
-23
-1
18
-8
0
-11
-10
10
-11
-20
-38
-63
-42
-72
-75
-99
-79
-30
-60
-39
-29
11
-11
11
-3
-10
-1
10
20
-8
-29
-4
-22
11
3
-7
12
26
-43
-29
-33
-30
-30
6
-21
-12
19
-13
0
8
-41
-34
-11
-38
-5
-10
6
3
15
7
-12
7
15
-15
-6
-21
0
13
3
-9
23
-43
-51
-10
15
5
13
19
-11
26
33
34
20
-12
-16
8
-2
-12
11
20
13
12
-8
16
5
4
-16
6
-2
-18
8
-35
-26
-15
-35
9
21
-21
10
4
-9
-17
2
-57
-39
-20
-14
-18
-8
-14
-17
-14
16
14
20
-1
7
20
-30
23
-32
4
-15
9
-5
-5
-9
0
14
8
11
4
0
13
12
11
-8
-9
18
-49
-10
-22
-45
40
-38
12
1
-4
7
30
19
38
-9
27
-54
-57
-51
-59
-51
-43
-37
-13
-13
-4
20
-9
4
-10
17
-5
11
-9
15
32
50
8
44
60
-2
-2
47
-32
-27
21
-28
10
-2
-32
-40
0
-2
1
-24
18
17
20
23
-11
1
-14
-49
-26
-5
-56
-20
-29
-16
-56
16
32
34
47
45
29
58
71
16
7
-11
13
42
12
-10
0
24
-12
9
-7
9
5
27
4
28
39
16
5
-2
5
4
-16
-9
-25
-35
8
-33
-18
3
-22
-13
-9
6
16
7
-30
0
38
-24
-53
-26
16
-19
29
-19
-1
15
30
18
8
15
-3
0
6
11
21
49
7
0
45
24
26
-25
9
12
-2
3
-8
-25
0
15
24
16
42
-15
-2
-10
41
33
4
7
22
22
15
-2
12
14
14
-25
-2
-16
17
-3
13
8
10
11
32
-28
-5
24
-10
-5
6
-41
-11
-36
0
21
-12
9
6
15
3
11
7
-7
17
5
-1
12
-5
-7
-7
6
17
-58
-42
-27
-43
-4
-40
-21
20
-16
-5
14
-23
9
-11
-4
19
-23
16
0
-9
14
2
-13
-16
-16
-6
-2
-2
-11
3
-6
-24
-19
-19
-32
9
18
6
2
0
10
-14
-2
-32
0
-5
-14
9
-13
-16
6
-7
21
-19
-7
9
-8
-4
3
-5
0
-17
-6
0
5
8
0
0
8
2
8
3
-10
12
-10
-8
18
5
16
27
2
-33
-14
-10
1
-7
20
3
24
-31
14
-13
-13
3
1
-45
12
-24
8
25
30
-7
-5
21
-18
-9
23
-8
-1
-12
-16
-33
-7
-9
-16
-1
-14
35
-26
10
-11
12
6
12
-24
0
19
-12
7
-28
0
-39
-34
-10
-40
-26
11
-10
11
7
-23
-41
-5
-15
-54
-72
-48
4
-43
-45
-25
6
-81
-86
-80
-49
-70
-54
-24
-92
5
-50
-57
-29
-35
-49
-68
-2
-28
10
9
26
35
11
17
3
2
17
4
8
-43
-24
-3
-46
-2
-57
-49
28
14
-11
11
-8
-18
-26
-8
4
5
0
-41
-43
-8
-31
-2
-5
-9
30
10
16
3
-18
9
22
10
6
17
-17
-17
17
-31
-34
-10
-31
-32
2
5
21
10
-18
-34
4
-15
0
-5
-74
-82
-57
-79
-78
-49
-50
-39
-25
-40
-29
-55
-22
-17
-10
-55
-31
-15
20
38
27
44
36
66
-41
-33
-10
-50
-16
-38
-44
0
-61
-35
-45
-30
11
30
29
7
-8
-3
15
-4
-11
6
14
-3
11
-3
1
20
-8
-1
22
9
30
-3
-19
-60
68
64
39
-11
-34
-26
0
8
-11
-53
-31
-27
-1
12
-14
-8
0
-5
-12
-12
2
-72
-72
-132
-31
-45
-51
19
-8
6
-34
-38
7
-20
-7
18
-64
-57
-22
50
62
41
-19
-46
17
-15
-44
11
3
19
10
-19
9
0
-9
12
9
-19
16
-53
-4
37
-30
-37
41
-17
27
-9
-12
67
23
10
64
39
14
33
23
36
17
-75
2
-38
-54
-12
14
-14
-13
14
39
35
-25
-42
9
-38
-73
-2
-44
-64
-44
-56
-66
-26
-49
-90
-85
-7
-14
-53
50
28
29
-23
8
-39
-7
57
-1
67
99
68
5
16
38
4
15
-67
65
69
40
-24
-63
-80
17
10
-12
12
47
27
74
-5
63
31
-27
63
-50
-32
-65
41
67
25
49
31
82
26
42
6
54
48
52
39
38
49
-65
7
-31
-27
-43
-60
24
13
2
-57
-37
-12
11
-16
6
45
8
-45
82
24
43
-16
-23
5
13
-17
29
-74
-58
-11
82
24
45
39
13
16
-25
-28
-9
-35
-27
-70
-10
17
16
-47
-46
-2
0
-59
-73
64
59
-32
80
30
63
-29
-44
-57
-21
20
-11
21
36
4
67
101
83
19
6
75
55
13
1
-15
-21
-15
-4
0
3
-17
-19
-21
-25
-11
1
-15
0
-14
4
-4
-2
-5
-7
-11
-25
1
-3
-8
2
-25
-6
-27
-27
-14
-7
2
-18
-19
0
10
-7
-15
-21
-8
3
21
19
18
-20
0
1
12
-15
-22
-18
-7
7
-23
11
-16
-12
5
9
-21
-20
-12
21
-13
4
17
-13
16
0
19
18
-20
-1
-3
-1
-21
-20
-10
6
-19
10
-18
-10
18
7
12
-5
13
6
-34
-12
-20
19
-6
4
-15
-21
13
-20
-4
0
10
9
17
3
-19
-17
-13
9
-10
-9
-6
-19
-25
-12
-1
-1
-14
-23
-16
-15
9
7
-4
-11
1
15
-7
2
-1
6
-5
-27
0
14
-11
-14
5
-11
-12
-15
-1
6
-6
0
5
-24
15
6
-12
10
-24
-21
0
-40
11
-22
5
-13
-9
11
21
22
-11
8
-18
-2
-19
-4
-12
-20
0
-14
4
-16
13
3
5
-1
-18
11
6
-3
-21
-22
-10
5
-13
-10
19
8
-2
-3
-24
-18
3
-5
12
15
-4
-13
-12
0
-40
-15
-7
-9
12
-19
11
5
-5
0
7
3
-17
0
10
18
-17
0
-22
-27
-17
7
-19
0
11
-26
-22
14
12
13
-8
5
-25
4
-21
8
-14
2
-8
-1
12
-5
-12
-5
4
-31
-27
2
-24
8
15
-10
4
-19
18
-5
0
-12
-5
3
-21
-5
2
14
-11
2
-19
8
-8
3
8
8
6
7
-17
-8
-6
-6
-13
3
8
-6
-28
6
-14
-13
11
-9
-7
-18
-14
0
0
-23
-11
-10
-2
-18
-17
-10
-9
-12
6
-9
15
7
-19
5
14
-1
-12
14
12
-16
-16
14
-20
-11
0
-12
-1
-12
15
-12
5
21
-10
-13
13
-23
-19
-15
-7
4
7
-4
-9
-3
6
-13
-10
-4
-1
-14
17
11
7
-2
-18
-1
-19
0
9
10
3
18
19
-4
-8
4
-19
-17
4
7
12
-19
-12
-18
15
-17
16
-11
9
-17
-22
-4
-15
-8
-14
10
-9
0
-11
15
-7
-6
-10
-13
15
-4
6
10
-21
-12
13
-1
-14
-14
10
-9
7
-10
2
3
-15
4
-3
7
-2
-2
-18
-22
-5
-21
16
17
-8
-20
-18
5
-7
-13
12
16
15
-16
6
9
-5
-13
-7
14
-10
19
-10
-16
19
-22
6
-8
-18
18
-1
-22
1
17
18
-2
-16
-5
1
-11
-16
8
-14
-9
7
-4
-18
11
16
-9
-18
-17
-20
5
5
5
-3
-2
-3
10
12
0
-18
-15
13
0
0
14
10
16
-15
1
14
-18
4
-1
-15
-4
-2
-7
-9
-16
0
-17
14
-21
-4
3
-19
-2
-22
8
-11
1
3
-4
-11
-4
-10
-20
-16
17
-14
20
0
-22
-20
-14
-16
1
-1
-16
1
18
10
15
9
-16
11
5
9
-19
12
-1
-5
-5
5
-21
-13
6
-14
3
-13
9
-19
-13
-17
6
-12
-14
-14
10
-7
-15
-7
11
-19
-4
0
-5
-15
-2
8
-9
7
7
4
-19
-20
15
1
-20
-21
-20
-25
-16
-28
-6
-13
-39
3
-17
-9
-26
-11
-4
-22
-18
-13
-15
-14
5
-11
-10
-8
-7
-23
1
-43
-12
-31
-4
12
-4
-10
-17
-12
-10
-19
-5
4
-1
-17
1
5
13
5
-1
0
-24
-9
-24
-2
-6
-10
-27
6
-24
-7
-7
-22
-24
-6
-19
0
-3
20
-7
13
-5
15
3
-12
-1
-17
3
-13
-3
20
-5
-24
-10
-8
-24
-20
-16
-15
7
-26
-1
-8
-25
8
1
8
-16
-1
0
-15
4
0
16
8
-16
-11
-9
9
12
-19
-9
-30
-6
9
-36
-10
6
-8
-4
3
-29
-13
4
-25
-24
22
-12
8
-21
-9
-7
-8
-2
2
-17
-8
-8
12
-5
3
-11
12
3
24
-7
-3
-13
-11
15
-24
9
4
-31
-13
-9
6
-24
-11
0
-13
-2
-4
1
-22
10
3
-24
1
-15
-19
5
1
-5
-12
2
-28
-26
-1
7
7
-8
-10
11
-10
2
15
4
-3
18
-18
14
-16
-3
16
-16
6
-20
2
-7
0
-1
6
-11
-24
2
-26
6
-8
-14
-8
-18
4
5
0
0
9
12
-1
1
14
-2
0
-16
3
-10
-2
-9
-16
-2
4
-26
-19
-4
-16
8
-18
-30
-7
17
-7
-10
-14
6
14
16
5
0
12
-19
-22
-28
-29
1
1
-2
-21
-29
-16
2
-20
-2
0
-7
-22
-21
-8
-2
-21
-5
4
7
-16
-27
-22
-2
1
1
-6
10
-17
1
-10
-5
3
-8
-25
-3
-22
-2
7
-23
15
5
12
-1
-3
18
22
-21
3
23
-7
5
-10
-36
2
16
-28
-24
-35
19
32
24
23
32
54
-47
-13
-29
-41
3
4
7
9
47
3
19
-14
5
1
-5
-13
-11
20
35
-13
3
0
-9
-37
-28
-37
-60
9
3
13
12
-16
-20
10
-8
-4
15
14
13
15
-13
-10
21
-5
-12
19
4
27
29
1
25
42
28
31
-34
-9
-7
-4
9
14
20
26
46
-34
-7
-17
-16
26
33
43
74
72
3
-15
-16
-4
9
-5
2
2
11
-35
-9
-6
-12
3
12
-46
-5
11
0
-19
-16
-36
-20
-40
-45
-77
-66
-5
-3
-19
21
25
-3
35
44
34
-10
17
18
-24
-19
-32
-31
-52
-20
-6
-22
-25
48
75
43
81
94
82
30
42
38
28
35
18
32
15
23
13
6
46
-22
-38
-6
-2
-30
-35
28
13
27
46
17
16
57
70
18
-9
-8
-4
-24
-31
-18
-11
-81
-68
-15
-7
-17
-29
-28
-25
8
14
-5
61
39
52
15
-2
1
-20
2
10
54
19
50
-6
25
33
8
75
20
15
12
-5
23
15
20
14
-26
-26
0
28
5
-5
2
-39
-22
-34
-60
-26
-14
20
-6
-13
-12
-25
-3
33
-34
-92
-91
-22
-8
-94
27
19
-39
4
23
-4
10
-12
1
-22
-21
-19
22
-14
-16
0
-51
-29
-40
-114
-98
-2
8
-28
8
7
-5
18
-18
5
-48
-59
-25
-93
-123
-73
-49
-15
-43
22
9
10
15
13
5
-7
8
-31
11
-7
-10
-13
14
-2
0
-8
-5
1
22
0
32
16
-10
-8
-13
-18
-6
7
24
-14
22
1
27
19
13
-9
-10
6
12
19
12
-6
-6
2
-151
-129
-56
-172
-107
-72
-133
-153
-142
-9
26
-5
-6
23
8
10
6
-20
14
-6
-20
0
3
16
-3
-5
6
34
9
-6
7
-7
-26
-2
0
-15
-28
28
17
-10
29
11
6
8
-7
25
-3
16
-13
26
28
1
9
29
5
15
-4
-17
-17
17
-1
-14
-16
27
-8
-33
33
-32
-26
13
-40
-25
-3
-17
7
-7
9
-19
13
-30
-29
0
37
18
-8
73
28
12
33
29
-23
3
15
-16
-3
-10
-4
15
-11
0
33
34
32
41
34
11
14
28
30
25
20
-16
2
-5
12
-16
-1
-22
-81
-84
-62
-113
-83
-39
-78
-80
-90
-108
-68
-129
-139
-86
-82
-103
-115
13
18
-6
17
-6
-30
-1
-16
-23
-60
-6
33
-50
29
19
-20
40
45
-24
-62
-73
-41
-127
-90
-103
-78
-44
-70
-33
-33
-94
-75
-37
-102
-94
-45
0
14
3
27
15
11
23
11
6
-128
-121
-37
-184
-101
-77
-136
-134
-124
-4
7
14
-2
15
-8
17
-6
-2
-57
-94
10
-69
7
-8
-24
13
14
5
32
0
4
33
-14
3
1
-7
2
-5
-20
15
-20
-5
12
-29
-23
0
40
-4
-5
3
-21
2
-5
-35
-18
-54
-7
-55
-57
-51
-38
-17
-40
-23
4
-29
19
-1
-43
14
10
-36
-10
-23
-39
39
-5
-5
9
-12
-27
-6
16
10
12
-8
-7
-8
-9
-57
-16
4
-6
23
4
-12
22
-3
-12
-13
1
0
-22
-12
-4
2
12
-8
-36
-10
31
-15
23
26
19
-41
28
-20
-28
-20
-1
-18
-43
30
-6
-15
10
8
-10
3
-2
-10
13
11
1
0
2
32
-20
-29
-18
-5
6
-51
-30
1
15
6
3
-19
40
18
-4
14
26
-7
28
14
-14
12
40
39
15
-11
11
0
4
-6
0
9
14
-22
0
-18
-24
-63
-45
-8
-31
-54
-36
-21
7
-44
22
15
0
-19
-1
7
-7
-2
12
28
5
15
21
60
-25
-27
12
45
13
16
32
23
-3
-30
17
14
9
21
-24
-7
17
-31
-31
39
38
-42
-22
26
26
21
7
-2
0
29
-5
51
82
57
42
-16
-8
45
53
-34
28
72
87
28
24
6
-6
17
7
-9
-7
28
-22
-68
0
-20
-22
8
36
38
29
83
101
30
26
-52
63
44
21
31
62
73
40
21
-35
79
38
37
62
82
89
-36
-27
5
14
-9
-22
18
33
-21
-39
8
31
-50
-4
-5
40
-23
-22
4
-11
-19
48
6
-32
30
28
14
46
32
42
-13
33
50
-19
-26
89
-23
-36
5
19
-16
-48
13
-4
-13
-14
-1
16
-42
8
-13
13
-20
-39
-5
9
-5
-19
6
0
69
-3
-23
57
-4
-56
14
24
0
61
57
52
-7
16
7
-21
6
24
0
13
3
-1
-1
17
-14
-19
-17
5
-16
-10
15
29
24
22
33
23
7
4
38
-34
-25
-10
-35
-45
-4
-8
-21
-8
16
15
5
16
-6
-2
-5
4
15
-73
-76
-126
-51
-64
-94
-58
-62
-55
-13
3
21
-14
23
27
11
19
7
3
9
-12
-11
-15
3
-14
9
13
18
19
3
-2
43
35
7
17
26
3
5
3
12
-6
26
-12
-31
4
64
5
0
4
-14
-30
15
-21
-9
-19
13
-6
19
-10
-19
19
9
-11
-11
38
27
-4
11
28
-4
-10
18
-13
-30
-29
-20
-2
11
-8
7
23
-54
-32
-14
-47
-61
5
-17
-14
1
-34
2
21
-29
22
18
-1
-7
31
28
-20
5
25
-21
-10
-15
-19
18
-24
14
-7
-1
46
43
14
52
41
0
35
3
-20
52
36
-47
27
19
-43
-62
-91
-41
-50
-33
-70
-11
-24
-21
10
14
-4
36
24
-23
-2
23
-123
-117
-14
-100
-178
-32
-39
-97
-70
2
41
41
47
-1
-30
95
43
-29
38
19
59
18
-29
-16
8
-29
-90
-28
7
28
-21
27
26
12
12
2
-122
-72
-111
-91
-76
-56
-70
-44
-35
-23
1
3
1
-27
-16
15
8
13
-121
-187
-88
-129
-195
-121
-43
-116
-88
-25
17
4
-18
-13
24
0
1
18
-20
1
-33
-34
10
33
-1
39
21
-24
3
7
-25
8
41
-28
30
41
-49
-85
-52
-67
-87
-112
-20
-92
-110
0
-2
2
-24
15
4
-17
-18
-22
-22
-32
12
0
-20
10
8
-12
1
-15
2
20
-5
8
16
-17
-21
-14
-14
2
8
-13
-36
-7
-8
-10
-21
3
-6
-10
0
1
-13
8
6
4
31
3
8
-13
16
26
54
39
37
-10
16
4
-6
-1
6
22
20
18
9
2
19
-1
-5
3
-10
-19
-12
18
-6
12
-13
8
9
14
20
3
-4
-19
11
-20
8
0
-25
-17
-33
-9
13
4
-47
-36
-29
-43
-18
-25
-20
-1
-7
-12
6
-12
8
14
15
-37
5
-8
-37
-20
0
1
-12
-26
-3
1
9
21
32
-14
45
30
25
-30
7
29
-45
-57
-42
-33
-39
-28
15
-13
-7
0
-9
-12
29
-10
-14
-19
-2
18
-69
-50
-14
-57
-58
-52
12
10
10
20
5
30
19
37
34
-13
16
56
-23
40
26
-4
16
19
13
2
37
-26
1
-1
25
7
45
-9
5
-25
19
-14
-8
-10
-1
24
-9
-26
-21
-44
-64
-72
0
-60
-42
43
25
-4
3
14
1
45
72
21
43
20
7
7
-31
-28
14
54
-3
13
20
-20
5
22
-11
10
4
-2
22
15
-28
5
12
-8
33
7
30
-16
2
-13
-22
-30
0
-2
-12
-32
4
-68
43
-31
-69
-22
-22
-40
-19
16
-12
-20
7
-6
10
0
-12
-2
6
8
2
41
10
6
41
14
17
-22
19
18
-13
0
21
-24
-15
-6
35
-8
23
-9
-43
-16
2
28
15
22
18
1
0
6
-3
-9
-24
-15
6
2
-7
-39
-11
-3
-22
3
-2
16
35
26
15
15
27
-20
-17
-16
8
21
6
4
7
8
6
5
19
24
-12
-11
-5
2
12
-1
13
11
46
22
60
45
57
54
52
71
63
23
-4
2
0
-15
16
-26
-24
-23
-5
18
-11
12
-19
3
3
-11
-13
29
15
24
21
22
1
-17
-17
-5
-1
34
15
-15
12
-11
-19
-8
-12
8
23
1
10
21
11
-4
10
-9
3
11
-10
20
-9
16
15
-12
-15
21
22
9
11
-19
-5
-24
-7
-5
9
5
12
21
-3
-27
-9
-10
-14
-8
16
20
18
23
27
-22
-1
8
15
17
0
3
-23
4
15
-20
-3
22
9
23
15
17
-4
-26
-18
-1
14
-11
8
14
27
7
-6
0
-15
0
-20
20
57
0
48
20
32
27
59
22
55
48
71
47
59
77
71
25
1
12
24
-3
0
2
-28
2
-24
21
-14
14
-1
-2
12
20
19
15
17
10
-14
-9
-25
4
-12
-6
36
35
5
35
23
42
9
11
31
28
20
12
-32
-1
-6
0
-34
-14
55
46
47
33
55
53
65
44
69
-11
13
-9
-12
7
-22
9
-4
4
4
17
0
4
12
33
23
-1
6
15
0
4
-10
-7
-21
-26
7
-13
24
3
13
-15
5
-7
-33
-30
-34
6
8
28
19
28
-2
-8
-3
1
10
16
28
67
25
13
31
-6
9
-27
-3
8
-1
-15
9
-4
-24
9
5
-25
-5
-8
-28
-6
14
14
-10
-38
37
30
-40
13
39
20
-14
10
10
-23
21
12
-10
-9
12
-22
3
17
-14
1
-4
9
-5
1
9
-1
-30
-11
-34
-52
-62
-41
-97
-101
7
-20
-24
38
31
-13
5
21
-19
-16
19
0
15
4
-7
8
11
-17
-8
-10
30
-8
-51
12
-5
-14
9
38
-35
-23
45
-6
-40
41
17
-35
22
17
-53
20
29
-34
-4
30
15
-24
-17
0
-3
4
2
6
5
-9
15
-17
47
4
-46
18
0
-25
-6
37
-14
3
-2
-3
-5
-20
30
-8
-4
61
-99
23
80
-21
-51
34
37
-21
-27
-24
23
47
-80
49
69
4
-23
-4
-39
15
-16
-31
24
2
-32
-18
-41
39
-3
-60
38
39
-29
-21
32
-32
88
-14
-39
128
72
24
49
108
-56
68
24
-83
38
41
-75
-52
111
-9
14
27
-28
-21
-6
24
-22
-2
81
-113
-7
97
25
-76
88
104
-35
52
-86
-27
50
-6
-71
8
39
-24
68
-131
-8
70
3
-69
-1
51
2
2
-39
34
49
-34
3
31
-12
-31
-63
-14
13
-51
-53
-39
-53
-156
53
-6
-40
17
40
-34
-20
32
21
-17
89
-10
-47
68
115
-67
-7
146
-11
-13
-6
12
2
-47
32
30
-2
-20
-39
29
46
-15
-4
13
23
-39
9
-3
33
50
-42
0
23
25
-36
20
36
-36
-9
29
-11
-43
-23
27
23
0
21
26
15
20
23
28
18
9
-2
22
11
2
16
27
-2
-6
4
12
-6
-3
-15
-20
0
-10
17
23
20
3
-11
17
3
16
-5
10
18
17
10
12
15
1
-11
11
9
-8
-8
18
1
17
42
57
8
16
44
2
3
-5
-14
1
11
10
-10
6
-18
9
19
2
-19
-2
18
13
5
-12
-27
-8
-11
-36
-26
-35
-30
-10
-6
-13
-8
22
24
-14
14
29
15
5
-18
-26
0
13
-4
-10
10
16
10
-20
15
-11
10
14
2
2
0
-3
-18
18
-25
9
-9
3
18
10
4
-19
-17
-11
-23
-3
-22
-23
-27
17
-6
-8
16
21
-15
-5
17
-19
13
-2
9
29
-1
-20
-9
-9
6
-6
15
-20
-21
10
-2
-9
2
0
-29
-37
-5
-37
-31
-11
-63
-59
-45
5
-10
-3
20
12
9
44
-15
32
1
-17
-1
28
-5
33
3
-21
24
0
-7
12
-12
2
29
5
-7
0
15
-6
-22
12
16
-6
8
37
-25
-44
-26
-14
-42
-40
-8
-57
-93
-13
-26
-35
-37
-13
-23
16
14
-38
6
16
0
-9
0
8
-9
-17
-15
-16
-7
-7
17
26
19
35
29
8
28
20
14
-10
33
15
14
30
7
-2
32
-8
-5
21
-1
35
4
-20
8
19
16
-7
26
6
4
15
-10
0
-25
-20
-28
-44
-11
-20
-58
-50
-24
23
8
0
33
31
31
28
-8
-3
-37
-8
-42
-6
-7
12
-10
9
-15
4
6
18
-7
15
12
-32
-40
-16
24
29
18
0
-12
15
-10
-27
-40
0
-16
13
29
1
8
-44
-29
-14
-26
-8
-10
20
3
2
14
7
-3
-3
16
6
-7
19
-2
-15
-15
18
-31
-46
4
48
86
62
13
15
21
20
14
6
15
-6
12
21
-4
-16
-7
-4
12
10
8
1
-4
-3
20
-1
-1
0
15
-2
-2
-10
-5
10
-2
-2
-9
-16
21
25
-5
-39
-38
0
7
10
-15
-13
-14
20
8
-8
15
13
-11
-16
7
-18
-18
-3
-16
11
13
6
-17
8
-17
-20
-16
-8
2
-29
-13
6
-6
-13
0
-5
0
-34
-14
-3
-17
-2
44
-3
29
-23
41
29
-10
-16
16
25
1
-42
8
-19
14
-8
8
41
33
-12
-24
-16
12
-25
9
20
46
33
4
21
-14
0
-1
-59
39
77
62
-30
-4
8
21
-23
-55
36
69
52
-2
37
69
7
7
25
8
-10
-18
-22
-25
-3
-37
2
-5
-22
-12
6
45
-2
-12
-43
31
-4
-2
-23
-34
58
40
13
3
68
32
42
41
27
42
60
2
-9
19
23
-2
-14
-15
-4
-37
-36
-8
-40
-37
36
69
68
17
13
17
-5
15
14
-10
-13
27
-3
-9
3
-24
-15
-3
35
-7
44
20
0
-28
5
-1
-3
-16
24
15
-20
-42
-29
9
-17
-17
14
0
25
-35
-5
-14
-13
-6
-19
8
17
18
-25
-11
20
27
57
64
28
33
44
51
63
62
8
-11
-24
4
-10
-25
0
6
-37
-14
-8
-3
-31
14
4
-14
20
7
-11
-19
5
6
-34
-25
9
0
-16
4
0
-1
18
10
3
4
2
16
10
14
-17
11
2
21
-20
-9
6
-43
-34
-22
-50
-77
-45
25
-39
-43
19
0
-9
26
3
-47
38
-10
-25
20
9
5
10
-2
-7
-1
16
-21
-9
-39
-5
0
-17
-4
26
-44
-23
6
-2
1
18
-11
-33
9
14
-17
-3
0
4
-25
46
10
9
9
14
0
-12
-12
15
-10
-5
13
-15
-8
-9
-59
-34
-32
-67
-9
-7
-42
-15
59
1
-37
63
3
-21
33
-6
-31
13
37
17
8
29
5
43
21
-1
84
-9
-13
42
-25
-33
9
13
-26
8
12
-9
19
0
-11
19
-7
-19
32
-20
-9
32
-17
-21
18
-40
-3
-5
-55
-21
-56
-51
-21
-32
-44
5
-23
-11
16
-60
-67
-39
-29
-71
-61
20
4
-48
40
-36
-17
18
-2
-25
36
38
8
51
77
12
52
42
19
23
11
-31
26
13
15
26
-2
-11
48
6
-28
-27
25
-32
-23
24
-22
27
11
-12
51
-2
-21
51
0
-30
-4
-2
-59
-5
-45
-70
-1
-47
-75
0
15
-19
9
20
-21
16
-2
-27
3
55
0
13
95
-5
44
67
26
15
-7
-34
38
12
-13
2
11
-24
44
-38
-12
41
-36
-23
38
4
-1
36
-1
-22
0
-23
-19
-5
-14
-38
-38
-30
-41
-12
4
-6
-48
-45
-1
-12
-10
-22
4
-38
-6
-11
-6
40
1
-5
-18
0
-26
20
-14
-3
28
12
18
-36
14
-14
9
10
-2
21
-19
18
-26
18
-15
-41
-4
-33
-4
-17
-3
5
-19
24
-5
5
-11
23
11
97
55
45
48
38
64
22
46
16
1
-34
10
-31
-12
0
-32
28
9
20
10
-3
-19
-4
-14
-14
-7
7
-6
-7
0
-24
12
-7
9
50
19
39
-6
12
8
-45
23
-45
13
-16
-22
29
3
-10
31
12
12
-33
0
-6
-15
20
0
-19
2
12
-13
65
-12
-15
15
-37
55
-21
43
91
6
37
-9
-16
14
-8
-12
-29
-26
-8
36
11
32
39
-6
30
-17
-75
-6
38
29
26
10
8
-23
-19
10
-4
64
4
15
-11
-62
12
-73
-84
-10
24
-19
-19
7
-41
-31
-36
-13
-15
-6
7
-8
-6
56
-14
17
31
-46
21
-7
-18
0
19
4
8
-23
12
3
-13
11
-50
-7
-24
-6
19
31
105
130
73
109
73
29
40
-36
19
-5
-14
7
2
68
22
15
22
-45
-50
-44
-16
13
72
-22
5
-31
-16
10
5
-10
-8
-11
17
-19
-5
10
52
47
52
74
34
71
13
53
18
17
-27
-4
-11
-32
12
-7
-18
32
110
171
82
136
98
74
66
-51
-3
35
7
3
-34
-33
15
-18
8
21
14
30
-52
-36
-9
-95
-91
-21
-8
17
-22
-17
-17
-15
-6
-51
5
17
-3
10
-5
16
56
14
22
-8
13
2
-29
-17
17
-16
18
-15
-21
0
-27
7
8
10
16
-10
-9
6
14
4
-26
0
10
-20
-16
-3
7
-9
10
-14
13
15
3
9
9
-9
-15
-2
-15
0
12
0
-15
-17
-1
-96
-88
-14
-60
-68
-30
-17
-62
-53
5
8
-15
4
-16
-29
30
-17
-22
-12
16
-11
1
3
-20
-2
-13
-20
17
13
-45
-10
6
-31
8
-9
0
8
-4
0
2
7
-20
7
5
-30
-18
-16
4
-8
-22
-3
6
32
10
-16
17
12
16
-1
4
0
-13
3
-2
-49
-25
-6
-28
-4
-17
-14
-3
-3
13
3
40
3
-18
48
7
-28
0
10
40
31
17
3
29
36
2
8
11
-13
20
-2
-26
26
-13
-13
25
29
3
8
8
-25
29
22
-24
3
-12
-17
-4
8
-33
5
-27
-18
-15
-94
-74
-72
-62
-69
-22
-52
37
-100
-80
-42
-100
-124
-90
-38
-68
-37
5
-9
-45
1
12
-50
4
-8
-16
50
10
89
66
39
56
46
50
22
2
-21
-33
4
-78
-43
-58
-57
-68
-18
-29
25
25
-65
-12
11
-10
-40
29
7
-12
28
-3
-5
32
-4
-33
-85
-56
-7
-39
-46
-75
2
-42
-47
8
-11
6
23
-13
2
26
17
-14
49
12
69
75
41
85
71
64
58
26
-13
7
-3
14
-20
7
-7
-12
2
-18
-28
16
21
-23
34
-11
2
11
5
-23
-21
12
-42
24
-15
-42
-23
5
-28
-11
-39
11
-28
0
28
-8
9
2
-11
-12
-23
13
14
1
-18
8
-22
17
-32
-29
-6
-24
-23
0
19
-39
-5
-4
2
-18
-25
-41
17
29
20
-21
2
-31
-27
15
-4
-20
0
21
0
-2
-7
-10
3
-13
50
-25
5
4
27
4
2
7
-1
6
7
-5
26
14
17
17
1
-17
10
-8
2
-10
14
7
-8
-1
-20
19
24
-25
23
-23
-23
10
-21
1
11
6
-37
-16
-25
-22
-25
3
-39
16
-4
-13
-53
-48
-57
-7
-38
-35
-20
15
-13
-15
12
-14
18
4
18
-8
30
-27
0
-13
-27
1
-17
-14
32
18
-2
13
5
22
1
24
17
48
6
-12
-44
-25
-9
-8
-12
-14
-3
9
4
-5
22
19
22
-26
5
-12
-24
-43
-37
-53
-63
-39
-29
-77
0
18
-15
13
24
23
19
18
-15
-42
37
-22
-5
12
29
19
6
-24
-4
-9
-3
14
21
-7
-30
8
-47
-5
10
-12
2
-12
15
-3
-12
17
49
-25
-3
1
-4
-7
14
15
-10
4
-20
-9
7
-20
8
46
21
8
37
-13
18
-7
-27
15
17
-16
-25
16
-7
4
2
28
-1
27
-1
23
53
1
-23
5
7
9
-15
2
-10
28
16
-1
13
2
-11
24
-21
5
21
-78
31
8
-44
-44
-24
-37
2
-5
-6
24
21
0
-16
-2
-16
20
-17
9
8
14
35
35
9
53
39
13
26
7
-3
-19
-22
15
0
-17
17
-5
28
-40
-13
4
40
7
-1
-5
11
7
-26
8
21
0
19
-1
-16
2
3
-3
12
26
-17
23
32
-21
-10
-5
9
-29
1
-4
15
35
-34
-1
1
-26
9
5
-8
8
-4
-7
6
-4
-15
13
2
-15
17
-11
-96
-114
-136
-58
-37
-99
3
-24
-24
-9
12
25
-20
1
5
-24
22
7
-16
-17
-9
11
-6
7
-3
-17
-10
-15
15
8
26
-9
-9
16
16
40
-37
-25
7
-13
7
0
-26
12
24
-16
-19
20
-10
-2
5
22
8
22
14
-11
20
-3
16
-17
2
-3
6
-34
-19
-3
1
-4
3
4
17
48
-25
-23
-3
8
-5
-26
-7
-23
-23
-21
-14
12
-54
40
-24
-10
-3
10
33
-17
30
-5
-8
22
-30
41
0
-15
3
-4
-37
-3
-3
-22
4
31
31
-19
-12
-8
17
0
29
-3
15
13
2
6
4
5
24
47
58
42
-15
-45
-47
-49
-37
-24
14
-10
-12
0
-23
-10
6
11
-3
0
15
13
39
16
7
-15
58
-29
55
58
-8
-28
-39
-57
-14
-2
-26
-43
-65
-34
-25
-21
-49
-35
17
7
-3
21
28
2
2
11
-5
25
22
-24
6
-12
-103
-134
-88
-76
-51
-74
-12
-41
-28
-14
-17
7
-5
25
-3
-5
25
19
99
71
22
121
114
22
146
125
37
13
-22
-8
-13
7
16
-5
-10
12
27
-33
5
0
-29
7
-5
-15
-13
0
-10
-20
-32
4
22
12
-14
-4
-51
-50
-43
-18
-35
-37
33
2
24
15
-9
3
0
7
22
3
-10
25
10
14
33
31
48
54
19
37
33
-32
-3
6
-34
-7
-14
-27
-29
3
13
13
14
-23
-12
9
15
23
2
-13
0
3
-11
11
-4
-16
-12
-14
20
42
53
-94
-68
-49
-47
-62
-65
-27
-10
9
-11
22
-10
13
-6
23
-1
2
0
-6
20
14
2
18
10
-20
-33
24
-2
-13
10
2
7
14
-2
-22
-19
2
-32
-12
-4
6
-22
15
-9
20
24
10
15
-21
10
14
20
15
20
-2
-17
-19
-12
5
-15
3
8
3
40
20
34
-15
10
25
-4
-27
5
1
-4
-16
16
13
13
-38
-29
25
-31
-23
-19
-1
15
0
-16
12
-9
11
7
-13
-11
-24
0
-3
-8
28
-16
-11
14
-7
-9
29
47
0
56
4
-6
-3
-3
17
3
-12
-21
49
-124
-129
-34
-59
-89
-55
-11
-37
16
-113
-87
-73
-10
-47
-59
-12
-17
0
-26
-36
-18
4
-12
-14
-102
-163
-87
-143
-199
-126
-186
-186
-142
14
22
-17
46
8
22
21
48
2
-27
-8
-2
-9
-3
-14
-51
-8
-36
-8
-2
20
12
5
-10
-13
22
-2
21
-15
31
-63
-90
-63
-27
-14
-104
0
12
4
22
0
23
23
10
12
-47
-163
-121
-196
-254
-263
-162
-277
-235
11
-19
3
22
-8
-19
24
-7
13
-1
-11
10
-1
-11
-11
24
-5
5
-12
5
10
-48
-38
-25
-20
0
-10
17
-31
21
-10
10
-11
25
14
8
1
-6
-20
8
9
4
27
-9
13
27
26
0
39
20
35
42
40
48
-7
-33
2
-43
-30
-36
-20
-30
-22
-20
-14
18
13
27
-4
30
30
9
-18
9
2
18
10
-15
15
4
6
14
64
19
22
47
41
31
15
29
-3
4
-19
15
10
0
-4
14
1
-13
6
14
9
4
-5
-2
-9
11
3
-40
-50
-52
-59
-42
-36
-66
-43
-15
9
-6
-18
-14
-16
-8
-12
2
15
9
3
17
10
-10
19
-1
-7
-16
-19
18
4
-6
-10
-21
-3
20
22
-14
12
-9
2
29
7
6
27
-6
-1
-11
-10
26
25
25
29
19
-30
-11
17
-11
3
4
18
-10
5
7
16
4
-18
-1
6
12
-5
-15
-29
-4
0
-23
-45
-51
-32
-10
-40
-35
-11
-40
-18
-27
-15
-45
-49
-40
17
12
-10
-17
-34
56
-15
0
-11
21
-1
-16
-41
-7
7
-16
-36
-34
-6
-19
-9
-22
0
32
-8
18
-7
-10
-35
-15
9
-42
19
4
-54
-40
6
-4
3
-21
-48
-8
-10
-34
-17
23
21
5
-19
-45
0
26
-43
-31
7
1
12
26
-5
6
21
-13
-6
16
9
5
21
39
32
33
48
16
-12
-19
-15
29
27
-10
11
29
3
-7
-29
22
-15
-45
-6
-66
-96
-36
8
15
-14
12
11
0
23
3
11
-25
-17
-17
-5
12
33
-12
-6
19
1
-20
-30
-19
-18
-16
4
-7
4
16
0
1
32
52
1
13
-4
24
-1
10
1
-6
-4
0
-24
0
-6
-5
-14
0
-30
-9
-9
-37
-8
40
26
2
2
-13
0
8
-18
-27
7
-11
-6
5
-33
0
20
1
-24
-16
0
-23
15
5
-5
-6
-2
-12
1
-40
-62
24
-38
-1
38
16
-2
4
24
7
19
-3
15
-11
-12
15
14
10
-8
3
17
14
-13
4
0
2
32
3
-7
-2
18
13
15
-14
-3
1
19
-10
-32
10
-22
-32
-24
-5
-3
-3
21
-46
-29
-15
-56
-5
16
20
-14
-20
-12
-16
2
-15
1
14
-20
6
9
-14
-12
16
-40
-27
19
38
3
19
34
11
3
36
24
-15
-43
-41
14
-58
-21
-12
-37
-11
-7
16
15
-20
24
-6
0
37
7
-20
-2
10
-16
-44
-39
-22
-36
-44
-16
24
34
19
17
31
17
26
16
-22
-64
-71
23
-33
-61
30
-29
-59
-22
-33
-34
9
-39
-26
7
49
-8
12
26
-12
19
36
-12
-21
-1
-22
-2
-116
-110
-78
-111
-85
-87
-101
-49
-58
-21
-46
-51
14
-1
-34
33
56
62
-60
-70
-35
-86
-111
-88
-77
-15
9
36
27
6
29
2
7
4
-4
-4
-56
-37
3
-51
32
16
15
2
-6
-9
1
1
0
10
-12
-31
-14
4
-139
-160
3
-95
-63
-42
-94
-94
-59
23
30
26
6
29
-4
3
3
-23
32
-7
-13
18
4
-1
61
3
0
-15
15
31
-4
-9
-4
22
-24
-8
-53
-88
-23
-53
-72
-44
-61
-28
-13
-9
-4
11
11
9
11
14
5
6
26
-14
-12
24
-10
-9
10
-6
1
24
-17
9
18
-37
6
-11
-1
-8
0
13
-38
-16
15
-25
9
26
7
-20
5
1
17
17
9
0
-11
-14
-30
-18
-12
-43
-72
-23
-16
-72
-40
-1
3
-30
10
37
-41
15
16
0
12
16
3
1
-1
-1
12
-3
-2
13
-24
36
26
-50
25
15
-16
-20
-10
6
-29
7
40
-34
-20
25
-43
-14
35
-40
-30
37
-17
4
14
-2
16
-8
12
0
6
6
17
19
-19
31
-83
34
47
-60
36
41
-42
15
8
17
-38
-16
45
0
0
36
-27
-86
94
-108
-77
74
-72
-44
27
-15
15
10
-32
-18
57
-54
-26
63
-23
-38
29
-28
-19
17
-24
-5
4
-8
0
-41
38
27
-67
18
16
-25
26
95
-78
90
82
-97
108
0
-47
41
35
-56
48
17
-67
45
6
-71
-43
24
-10
-10
17
4
5
16
6
5
-47
126
-111
-116
130
-51
-120
48
27
-27
-2
-58
-4
5
-5
-9
-19
8
-40
57
-41
-40
40
-38
-37
-2
31
0
26
-20
-31
35
-50
-4
12
1
-28
-23
-32
-45
-61
-4
-9
-48
-40
-33
43
-52
-2
20
-59
16
4
0
-17
135
24
7
113
66
0
96
148
1
-8
-11
-4
25
-37
19
3
-25
1
-45
-10
19
-16
12
45
18
-9
12
-14
-22
13
-28
-9
23
12
-1
0
3
-74
17
1
-34
27
-14
14
29
34
-5
16
28
32
0
0
-14
6
37
-3
54
45
48
10
47
29
-17
-4
-11
-4
-34
-37
-26
-29
1
24
35
30
46
65
41
16
58
5
20
10
2
-25
-17
-11
7
18
4
-2
11
36
-31
25
26
24
18
3
-2
4
5
28
3
-1
-2
0
-5
11
0
-3
-19
-13
8
8
18
0
-11
-24
-2
-45
-34
-43
-33
-73
-22
6
15
-16
-14
-4
28
-12
-11
2
-31
-14
-30
-26
10
8
-35
-14
-31
5
2
-19
18
18
8
-17
0
5
7
10
-17
33
27
30
16
57
1
41
38
18
32
25
-2
69
17
24
-11
13
28
-18
-1
17
-11
32
1
12
34
-15
1
-22
3
9
33
22
-67
-36
-21
-75
-53
-55
-84
-35
-22
0
-14
-9
-35
-42
-45
-31
-53
-67
-2
-41
21
15
-11
41
34
58
47
-29
-41
-19
-43
-62
-40
28
-1
-27
6
12
17
23
-6
-1
3
22
43
-25
-41
-12
10
-13
-13
-9
-1
-12
-36
-36
-24
-8
-52
-1
23
3
12
-56
-45
-32
-54
-80
-45
-39
-12
-28
11
6
-9
13
-14
-22
6
-6
-15
15
21
10
-10
-1
31
64
40
18
27
8
27
39
25
38
20
0
24
0
-79
-45
-69
-80
-117
-41
-99
-79
25
30
-13
27
14
-1
12
-6
20
63
39
28
45
42
9
59
29
38
15
11
3
30
42
29
22
12
21
56
62
51
41
73
66
92
89
81
-14
2
16
-23
10
-7
1
4
20
19
7
-9
7
-22
0
1
-10
2
-11
-16
7
-13
-5
18
12
9
-11
8
20
3
-9
8
-6
-14
2
-5
-2
3
-11
0
-10
20
-17
2
-10
-20
-12
2
-1
6
-3
1
10
40
7
1
1
15
-18
16
-15
-18
0
17
-12
-10
-17
-20
19
-8
11
-11
11
4
8
-12
26
20
-8
7
23
20
28
10
-10
-15
0
15
-17
13
17
12
20
23
19
-11
9
19
-14
0
-4
10
0
0
9
18
-3
16
-6
0
4
-9
-23
-7
3
0
8
-44
-4
-7
-25
-30
-29
-43
-33
-19
-21
16
5
0
4
0
0
-16
9
-17
-2
-19
17
-18
19
4
-18
-10
18
37
29
-5
16
-15
24
33
7
-10
-7
32
12
-9
11
4
27
23
-16
7
5
-24
-24
15
22
30
5
-5
-19
-11
24
-19
-6
12
-16
42
-3
4
15
-29
2
18
-21
7
0
-10
45
2
21
21
12
8
59
24
-71
-45
-47
-58
-56
-53
-39
-77
-17
7
-14
-2
37
19
29
38
-25
28
4
-6
-3
8
8
0
17
-18
-7
-39
-27
-39
-38
-31
-34
-18
-12
9
15
-5
4
9
5
13
-16
-19
-15
-10
-18
26
1
12
19
21
66
39
-1
1
9
8
-13
0
0
-13
14
-48
-45
-45
-59
-43
-40
-60
-62
-27
-11
-6
-22
-10
-3
-28
-14
-11
19
-28
-18
-45
-54
-43
-54
-19
-34
-26
17
-25
-14
-14
-44
-46
-44
-76
-11
23
-17
-9
-32
-63
22
-77
-7
14
4
28
-22
22
-27
-38
-14
-32
29
-2
46
9
-17
-3
-28
2
-35
-100
19
-18
-16
-8
-2
-16
-7
-13
11
-5
24
42
57
89
24
83
-35
-51
1
11
-13
-2
2
-20
-48
-48
-14
9
-4
-12
-5
-11
21
-17
18
-6
27
-20
-55
0
3
-14
-14
-9
60
-39
87
25
13
48
-10
-16
-64
-6
4
14
-22
-30
-19
36
-3
25
30
2
-18
-5
-18
-18
-12
-15
-13
4
82
6
-33
28
-90
-33
-49
-41
45
13
35
14
46
65
40
49
27
-24
35
70
35
-10
35
-11
5
-7
-103
-17
54
-36
16
20
-30
-19
-30
-22
13
83
54
19
31
-15
3
-29
-37
15
-9
-18
62
56
8
65
48
34
29
-48
-52
-18
-5
-40
21
-59
46
7
12
-22
9
39
-2
44
-1
-36
38
2
-41
43
-21
-25
13
14
9
12
65
64
27
73
-1
33
-1
-147
25
-6
-59
72
37
61
-11
53
74
5
-31
-113
-31
-69
-71
-71
-27
8
-19
10
-8
21
-6
-46
3
-13
-40
15
57
-9
40
86
-6
51
2
-35
-14
42
26
-32
-19
-47
-52
-57
-42
2
46
77
11
65
51
-16
50
-78
-4
35
-12
0
6
-66
-37
-65
-44
-5
0
6
30
50
30
76
54
23
-2
7
-70
-35
-29
-73
-27
-122
-35
-8
-38
-28
-69
-53
12
-44
7
-6
-14
4
8
-4
0
14
-19
-3
-14
-14
-13
-32
-23
-52
-4
5
-15
-21
26
25
0
-9
-9
-9
-50
-10
-6
-19
18
18
-17
-17
-17
-19
0
2
-13
-10
20
1
11
0
0
-13
-2
-5
23
41
58
24
10
54
27
-5
19
36
35
6
7
3
-51
-27
0
15
20
-19
19
16
14
6
18
-17
8
23
-12
13
23
2
-9
-15
-24
-22
0
-6
-8
-26
-17
-25
-55
-1
4
-37
16
-51
-67
-7
-40
-37
-51
11
11
20
10
-6
-2
-11
1
-11
6
-22
-18
-9
-17
-13
0
49
-20
0
31
23
23
26
35
-16
-19
7
-71
-2
39
-43
-45
12
-50
-57
21
24
28
15
-9
21
16
-21
-22
-23
-54
-43
-6
-50
-94
-54
-36
-80
-23
-3
2
12
8
24
-5
-6
14
13
38
35
33
32
71
10
-1
66
2
16
-18
12
34
10
-21
16
8
-2
30
42
-9
16
15
18
-31
32
-22
-4
8
67
-13
4
-2
-8
-16
12
51
3
9
-25
-46
-40
-105
-47
-69
53
0
55
-105
-57
-78
-124
-74
-80
18
2
6
-16
4
4
-55
-44
9
-36
-5
40
38
54
23
41
0
23
10
15
14
3
-30
4
-28
-40
-21
-83
-79
22
-26
-53
-46
13
-50
18
0
16
33
11
-8
28
-12
-23
8
17
42
19
28
39
42
8
28
12
-19
25
24
25
23
-5
-14
26
-13
-20
-31
-12
-3
-35
-11
-19
-35
-15
-29
-22
-6
-43
-22
-48
-36
-25
-48
-3
-9
-30
-2
4
-16
-39
-31
-52
-50
-23
-26
-66
-15
-86
-36
-63
-58
0
-20
12
-1
-58
-33
-5
-41
-7
-17
12
17
-14
10
16
3
-5
-12
49
32
76
-58
-84
-34
70
71
106
-34
-38
-13
16
-18
-13
11
-38
-9
13
0
7
-12
-12
-5
-15
18
6
-31
12
-3
-23
-29
-37
-23
-10
-35
-54
-12
-18
-28
-74
-44
-33
-53
-58
-36
-31
-74
33
11
16
-1
-8
15
-13
4
8
-15
10
3
9
-3
-3
-20
-7
-8
-20
-8
-21
-62
-23
-62
-16
-2
0
-12
-28
-25
36
20
25
13
-63
6
26
-78
23
39
-38
15
-10
-32
-39
24
24
17
7
-5
-8
-24
-37
-34
-24
-57
-41
4
-30
15
17
4
39
-39
6
-25
30
24
31
38
62
71
-77
-8
-69
6
31
39
17
59
58
-130
-56
-35
47
66
86
2
-6
19
-25
-23
-39
-7
2
-46
21
-85
-4
77
-90
31
47
-64
12
-30
-6
-34
84
52
69
-5
12
37
-40
-11
-48
79
40
56
4
13
32
-1
-17
-29
-2
3
-14
-9
-34
-11
25
53
51
-61
-85
-37
48
43
85
-18
-60
-44
3
-29
26
1
-34
-13
51
-37
8
48
-51
1
50
9
13
1
-15
-13
10
-18
-12
-5
-12
0
0
39
57
-32
13
-9
21
19
24
-26
11
14
-23
-46
-56
5
24
40
-11
-5
-3
61
43
43
5
6
-7
-4
-27
-29
15
-11
-25
41
29
8
17
-19
13
15
11
-7
18
-7
30
-36
-52
-5
8
23
1
51
12
19
4
-34
-19
-23
-1
15
22
15
-3
-16
-14
-16
10
-21
6
-16
-12
-11
92
50
55
21
31
78
36
28
3
-5
-23
-18
12
20
12
15
11
10
-4
10
5
16
19
-11
-13
-14
-12
-49
-47
-19
-33
-7
-2
9
32
-5
13
-26
-33
10
8
14
6
17
16
-24
-10
3
33
33
6
20
-9
7
1
-12
-8
-21
-20
18
-17
-11
9
-28
-23
23
-9
16
-23
7
-11
7
0
-7
-27
-18
-13
17
5
25
3
-8
-18
-27
-28
-18
3
-2
0
-34
-1
-1
-21
29
-6
-34
-26
22
35
-9
-48
-38
-11
-1
-24
24
40
7
0
-20
-29
-65
-62
-19
30
7
10
-5
6
-18
9
-86
-39
12
19
-64
43
53
20
69
16
54
76
90
45
17
-3
-13
4
-21
4
39
5
27
3
-4
-30
2
-14
-11
-7
-10
-7
15
42
34
30
57
37
55
40
38
73
73
53
88
64
56
69
60
64
14
-30
-14
6
-3
-10
28
44
37
37
25
-14
-9
-18
71
22
64
8
11
-23
-5
0
9
11
19
0
-6
-21
-10
-51
-65
-78
-48
-61
-51
-69
-16
-36
-3
17
4
12
34
28
17
-25
15
17
-35
-47
-3
5
0
-11
-23
-51
-34
-5
-18
-10
55
19
-2
-22
-9
12
18
34
55
38
-3
13
-15
5
-17
3
3
1
-25
-43
-42
18
35
22
12
20
-9
3
-5
-23
0
-35
-27
-2
-5
-46
1
-46
-51
24
0
29
17
9
-5
-37
6
-17
11
8
-9
-5
-2
7
-17
-14
14
35
33
30
39
43
69
6
25
-10
-7
-17
11
-15
1
-29
-8
9
-29
-14
20
-4
0
12
-10
-12
-15
0
-17
0
-5
4
-36
-13
-13
-44
-20
-15
-26
4
-17
-1
-9
-18
-10
-51
34
31
1
12
-12
22
3
-51
-7
-5
-13
-2
7
16
18
-3
16
2
24
16
17
15
-12
-6
27
-39
9
24
5
-6
4
21
31
19
48
7
0
-19
11
0
-12
8
8
17
-25
-5
0
13
-3
-7
9
30
35
9
-2
-30
-28
-21
-28
-6
-56
-85
-80
-16
-19
-13
23
12
-11
-11
-8
6
-21
-16
-5
66
39
16
8
-1
50
-22
15
11
59
64
13
-42
17
2
-20
-2
27
18
14
0
-6
7
24
-15
-65
-44
10
-53
-39
52
39
20
29
12
-7
28
40
8
43
15
2
43
39
43
16
10
-43
50
13
1
13
-24
15
-30
-32
-24
22
8
-7
34
12
12
22
62
75
13
19
-8
7
-6
-11
-15
5
-32
-11
-2
-38
3
-65
-6
8
-37
27
1
2
7
1
-12
-9
-30
15
-27
6
6
-36
12
40
42
31
10
34
12
54
33
0
-1
-1
-6
7
-4
-31
-1
-31
60
95
48
33
51
48
13
47
20
18
16
10
17
-9
5
19
35
13
10
-1
1
18
18
0
65
54
27
-7
-6
13
-24
-1
-19
7
5
-32
12
-1
-22
4
-4
-18
36
36
16
-12
17
15
7
-12
9
-15
-17
-20
43
39
11
31
31
34
-41
-114
-94
3
-9
-15
23
-11
15
10
16
7
-1
-1
13
6
-6
8
-6
13
1
-11
-3
-11
-12
-25
14
2
2
-35
-3
1
0
-7
-37
-25
22
-8
10
-40
-8
-6
-33
-29
-16
22
46
21
-12
5
12
7
-11
8
-17
-4
21
-16
-2
-1
-14
13
-10
18
41
7
44
17
14
13
-16
15
3
-15
-42
21
-5
0
-8
-22
-18
38
6
-6
30
3
3
22
-44
-13
-31
-46
-10
-34
-47
4
-17
-34
-28
-3
31
-1
31
-18
13
11
18
32
-14
-58
-23
2
-16
5
-27
-8
-15
-156
-156
-202
-7
-46
-27
22
-11
-4
-101
-95
-104
19
-20
16
4
-2
-8
-11
-3
-7
-14
-95
-67
-34
-155
-140
-73
-183
-153
23
0
13
37
1
-30
16
25
11
34
11
25
25
-15
-50
24
24
23
5
0
-10
28
14
23
16
-6
1
28
21
9
63
44
37
-59
-102
-131
-14
-15
1
24
-7
15
30
45
36
44
-11
-15
-31
-163
-192
-143
-316
-307
20
3
-20
-5
-14
19
29
-2
16
27
-13
-30
4
-7
4
-62
-46
-35
-27
-25
-31
4
0
-20
15
4
-15
33
17
21
9
-16
-8
80
29
12
-27
-14
-27
3
12
29
-1
35
35
-36
-51
-33
12
27
38
22
2
2
-76
-76
-38
18
-3
27
16
21
46
-3
-3
-46
-28
-30
-39
-2
45
22
17
2
4
12
2
1
-11
-9
10
51
38
15
28
21
25
-6
53
13
-29
-28
-34
-9
30
16
36
6
1
3
3
-20
19
-12
12
19
19
11
-38
7
8
-11
-5
0
29
14
30
-30
-90
-73
-13
15
11
42
39
29
-18
11
-25
18
-12
17
37
1
14
-6
-15
4
-20
21
-15
-10
-20
-12
-41
-32
-16
-1
13
34
20
16
2
0
18
0
-28
-24
-7
8
-15
13
4
-13
-32
-6
-39
-18
-14
41
22
-15
-31
-12
22
27
25
-29
-14
-5
-57
-64
-66
5
-17
-19
27
64
36
22
-5
11
-47
-40
-13
4
7
16
-18
0
-12
-33
-22
-34
11
16
9
1
24
22
23
61
37
10
62
41
-15
-2
-3
13
-16
-19
22
28
18
6
-8
-43
-28
-41
-31
-57
-45
-32
50
17
14
22
60
62
30
15
-38
12
14
27
39
78
60
41
53
3
-19
-3
-38
12
3
2
7
24
27
9
15
36
15
-28
-4
-1
33
40
-4
-47
-32
-2
7
31
37
36
27
1
4
-52
-44
-120
-29
-36
-53
8
-28
-43
-42
-5
20
18
30
0
17
20
0
-10
-26
-22
-18
0
-9
5
-34
-37
-15
-29
-35
-19
9
41
39
29
46
47
6
0
18
13
-12
-6
12
-3
-15
25
-12
-1
24
14
-17
-7
-11
-15
-14
16
-25
0
-10
-26
-14
-5
9
17
20
-4
9
2
-14
-24
-17
-18
-11
-18
0
16
4
8
-5
3
-12
8
-1
20
9
14
-15
-10
-8
0
-20
-6
20
-1
28
-11
-15
-23
-10
-8
29
2
2
-9
9
-2
16
5
16
5
1
4
-3
3
-2
32
-15
25
6
-16
15
9
2
9
8
-21
6
-1
-24
-22
-7
-32
4
-18
-10
0
-23
15
9
-4
-20
1
13
-18
-4
18
-10
-19
6
-15
0
-14
-22
16
15
-36
26
-21
7
-32
-1
3
-3
2
10
-14
16
-10
-16
-10
12
-35
24
12
14
8
-25
14
-23
28
17
3
-1
-16
3
0
2
14
-16
-18
4
-17
-21
16
-36
3
12
-10
-2
12
6
5
-5
26
-14
-4
-17
26
-32
24
-32
21
23
-30
4
-6
-11
-54
11
-4
2
-3
-12
-10
-8
-16
1
5
-12
-18
21
52
64
83
16
63
77
40
119
34
28
-6
43
1
4
-10
-8
-41
13
40
0
13
30
31
30
20
11
9
-2
-15
28
-16
18
6
24
-2
4
-35
0
30
-18
-5
31
-4
12
-16
-10
-9
-3
-3
7
-2
3
5
-11
86
82
113
72
150
125
85
131
121
-26
11
-21
-6
22
0
3
21
3
-50
-15
-7
-21
-32
5
5
4
28
-3
-11
7
-12
-2
-4
-7
24
-5
25
-2
-2
0
-11
-42
30
39
11
7
16
-7
-20
-24
22
13
12
5
-29
-11
-22
-6
-37
-13
0
9
6
-12
29
3
-32
-19
6
14
19
-1
-14
-34
-45
-41
-28
-16
-26
-5
-37
3
-16
-7
15
0
13
-8
-5
-10
30
42
39
-3
10
46
10
2
9
-2
5
8
-12
2
-18
14
33
30
9
-10
-14
-22
3
-5
15
-18
18
14
-5
29
13
1
36
23
22
-4
-8
-10
-23
2
-29
-27
11
-3
-31
10
-2
13
9
-20
-27
-36
-12
-21
-19
-12
-8
0
9
9
-13
6
-13
-2
-17
-10
-17
-4
-3
14
4
4
-26
1
6
12
-12
-7
-13
-16
-5
-69
-40
-13
3
-45
-56
-68
-23
-16
-6
21
-3
-30
-33
-33
31
5
19
-59
-19
-46
-50
-40
-46
-25
-14
-1
0
16
17
2
13
21
15
14
16
38
74
24
-43
23
32
7
-35
-6
9
32
-3
3
24
25
31
5
25
-16
-8
15
-40
16
30
13
11
-3
-67
-21
-31
-44
-94
-59
-109
-41
-28
34
36
5
21
-7
9
8
54
26
63
55
21
62
34
35
39
102
59
-3
-7
8
-15
7
-21
-9
37
32
3
1
8
-10
3
0
20
-17
19
-36
-32
-6
-6
-8
-22
-23
10
21
-68
-82
-2
-60
-120
-127
-124
-171
-99
-24
16
-9
-4
-13
-10
15
0
-7
10
18
12
-22
-22
0
-19
-6
-21
17
25
14
2
-22
-4
-13
-37
-14
-3
-43
-18
24
30
1
-52
-26
-22
-24
-28
-7
-37
9
14
-19
19
50
-46
1
11
-37
25
26
-7
45
52
-33
-17
3
-37
-21
8
-43
35
50
25
-38
0
8
-57
13
-14
-61
38
-7
-17
1
-18
6
15
14
2
-21
-24
-24
-4
15
-15
23
0
-124
-16
16
-35
-1
6
-36
34
-29
2
69
-2
-6
-7
-15
3
0
-10
4
18
-18
-1
4
-55
37
-16
-20
77
24
0
-7
-15
34
-67
19
-12
-36
71
6
0
0
-21
-14
27
6
-10
56
9
18
7
-14
-6
-5
0
-8
9
-37
-44
-10
-77
21
36
-1
76
34
-7
-12
-58
26
-15
-7
27
-55
26
37
-58
-46
59
-140
0
33
-175
72
30
-85
-19
1
-83
20
26
-33
66
55
-18
1
67
-79
4
17
-87
66
4
25
-8
27
10
-24
-56
17
-38
-75
-25
9
-45
9
-27
2
65
-55
0
-16
-6
7
-22
-25
-81
-114
-75
6
-61
-33
-50
0
1
-19
40
69
9
36
-68
49
-156
-17
54
-172
56
-25
-58
79
-48
-23
99
68
66
65
-4
-73
19
-44
-71
79
6
3
65
28
-39
20
31
-94
42
6
-55
72
-25
-17
-5
20
-35
41
0
-153
-13
16
-45
10
5
-54
28
-8
-56
65
-2
93
-66
13
148
-3
25
173
78
23
-14
0
11
-61
24
-10
-17
52
-14
-22
-27
-18
-1
-15
-8
-26
8
3
-25
9
-4
-49
27
-9
-22
55
-62
-49
-29
-26
4
54
30
56
66
0
-1
-12
14
1
-24
-23
-2
-9
-6
-25
-24
-58
-34
-14
-42
-18
-21
9
17
10
12
-3
28
-8
-11
1
-15
-34
-34
-52
-23
-32
-26
6
0
11
-10
11
-4
3
-11
-2
-5
-6
17
41
40
47
49
-34
24
14
-1
18
6
8
-6
2
-10
-7
-5
-35
16
-10
4
-1
2
14
-8
2
16
8
-2
-13
29
7
0
23
22
-1
-17
-24
10
-9
-11
-14
22
-8
32
24
-14
8
-26
-13
25
11
36
23
-3
19
-1
17
3
-19
-3
-16
9
-16
-33
-25
15
-44
-44
-10
-26
-49
28
-21
-20
18
7
-29
4
-22
-29
-21
-8
-4
-12
-26
3
14
26
34
56
-23
-2
-15
26
-32
-25
-15
-4
-22
12
7
2
2
33
24
44
48
-3
-6
0
58
26
-4
9
18
9
10
-26
1
-2
-28
-43
-15
4
-5
14
26
66
26
42
11
0
36
16
12
5
-18
39
6
-34
15
-5
-15
15
3
-12
0
-36
-5
38
-18
-18
76
80
20
15
7
27
7
2
-12
112
127
68
32
43
82
7
10
13
28
22
13
11
34
14
-7
17
6
29
53
36
29
23
-37
-2
-19
-32
-21
10
-1
0
-12
8
8
-22
-30
12
7
-4
19
12
-9
51
48
-7
25
-16
4
7
2
0
-15
16
-9
25
-25
19
34
43
-3
21
43
26
-40
-31
-7
-21
-19
-18
-19
18
-8
16
6
19
-18
-3
0
-46
-44
-50
0
6
-17
3
31
7
-7
25
-8
3
12
0
6
-1
6
-8
0
3
24
-8
-1
-14
7
-23
-16
21
-37
-3
20
37
5
-10
21
-33
-16
29
20
-9
-6
-1
-17
-7
-6
-18
19
30
-37
25
-20
-36
-8
-32
-53
-31
0
-5
5
-16
-5
17
-32
4
19
0
-7
-13
-1
10
0
5
-10
-19
21
-5
4
3
11
-71
-5
16
-35
-16
33
2
-21
11
17
-27
0
12
-16
-3
3
-9
-16
18
-10
-35
50
0
4
-18
-16
13
-8
11
-11
-17
15
20
-18
0
33
-50
1
33
-66
3
7
1
-7
-15
34
8
-8
36
-94
-2
21
-40
-54
71
-22
-15
48
-37
19
-1
-48
31
-4
0
-9
38
-35
12
16
-8
-20
46
-54
-16
44
19
-20
-14
0
29
-39
-9
31
-45
58
-27
15
63
57
-99
45
73
-105
42
-6
-2
3
-18
-62
-15
13
-92
22
-7
-13
11
11
-24
-19
24
0
-61
27
49
41
-57
114
109
-40
131
-36
2
-2
-9
3
29
21
-42
26
-75
-31
24
-37
-52
50
-1
-67
34
-42
15
-3
-54
20
21
-35
-38
46
9
-22
27
5
-31
17
-8
-2
-31
-30
8
12
-31
-20
53
-32
-12
53
39
-13
60
157
-43
137
164
-14
110
-23
10
6
-24
26
25
-18
-5
18
24
19
23
23
26
-9
-8
56
-26
-16
28
-7
-13
14
-6
-33
44
-36
-43
-4
-6
16
-25
23
14
-32
43
9
-7
-29
-37
-64
-54
-23
-52
-64
-40
-29
-10
-7
-34
-9
-10
-19
-32
-7
-3
10
-29
-92
-23
1
-5
-17
60
18
23
0
-41
-50
4
-45
-47
-15
19
13
-13
4
17
6
4
1
114
97
95
25
1
-13
-77
-95
-59
16
-14
-25
-23
-51
-20
-4
-24
-59
13
-11
6
-18
13
3
20
-11
15
-24
0
-21
4
-26
-33
9
-34
-12
64
18
-11
-5
-99
-75
0
-16
-25
-12
-25
-52
22
2
-16
22
-17
-39
7
15
3
19
-5
4
0
15
18
-75
-39
-35
-69
-42
-16
-64
-75
2
68
50
4
11
10
-12
-24
8
-29
35
16
-8
41
-31
-33
8
-7
-18
-39
-50
-98
-2
-26
1
-15
-10
-67
17
36
-5
16
-43
-48
-14
-36
-40
62
16
35
9
-31
-7
7
16
35
34
32
48
-52
-49
-22
-80
-22
-28
101
76
60
12
-1
13
-64
-70
-61
26
16
-14
-27
-58
-56
-25
-72
0
-15
6
-37
18
-7
6
27
64
1
-39
13
16
47
-5
62
41
3
15
-77
-74
-91
9
-37
-24
10
-10
-63
18
-28
-33
-12
-33
-40
25
-6
-40
116
104
90
9
-2
0
-96
-97
-90
-22
-37
-63
-15
-24
-78
30
5
-78
86
72
33
36
13
-42
31
24
-20
35
21
-28
-1
-50
-63
-9
-55
-71
8
9
11
-30
-21
-20
-13
-9
23
21
41
27
9
-32
-43
-33
-33
-31
10
-18
-13
-13
-9
-9
26
-13
-31
-58
-61
-83
-47
-68
2
-87
-115
-18
29
25
26
37
36
72
31
42
3
13
21
-57
-17
0
18
-30
-52
12
-10
1
-16
-20
-16
-52
16
-6
-6
-14
19
0
6
-16
-18
11
19
8
-45
-12
44
6
-20
-4
6
-38
78
-86
-85
-56
-92
-80
-36
-71
-97
-64
-14
9
-10
19
1
4
10
-3
-14
-12
-61
-27
-19
-52
22
-40
-62
53
-25
25
-48
-12
4
-27
-34
-47
-22
36
58
39
19
55
46
57
61
59
11
12
8
7
-13
12
-2
0
-4
25
20
-19
20
7
62
24
0
69
-26
-49
-18
-44
-45
-70
-55
-35
-22
-27
36
-22
-12
-1
-16
24
-17
27
-106
-108
-19
-92
-74
-32
-77
-82
-138
27
34
-7
0
14
-6
-5
-9
15
-30
-23
-3
6
-17
-8
-9
-18
44
-2
-22
-46
-16
1
30
-20
0
51
8
-16
-9
41
12
-31
17
0
82
-58
-93
-55
-33
-35
35
-53
-32
12
-72
3
-42
-52
-26
-68
-15
-33
21
87
115
82
93
49
99
77
82
108
-9
-10
-16
-17
-45
-15
21
15
20
-72
-80
-64
-72
-84
-44
-47
-104
-111
-36
-50
28
0
-21
-22
-1
-14
66
-106
-43
-86
-75
-78
-73
-61
-93
-52
15
13
58
2
62
34
31
48
51
-121
-109
-126
-79
-104
-50
-110
-168
-136
-44
-46
-47
14
-7
-17
-17
-53
-36
-39
-44
-81
-3
-30
-46
9
6
41
14
34
44
18
0
-8
20
66
63
26
3
14
26
21
-6
-4
4
-5
-15
-14
-3
-12
-43
-42
-23
-47
-43
42
33
5
36
1
-13
29
10
-22
-1
33
11
-14
6
-8
2
-7
13
3
22
-17
2
19
6
-3
18
-19
-89
-108
-47
-36
25
47
0
3
46
-11
26
30
12
0
23
5
0
-24
-15
1
20
-8
9
13
-11
4
-11
12
23
1
0
0
-18
-15
1
-11
13
14
9
-2
4
4
10
-4
-22
11
-38
-3
-35
-29
-52
-15
-33
-4
18
13
13
-8
-2
-13
-15
0
0
34
6
-50
43
-22
-21
28
3
-79
-21
30
14
-2
40
15
-10
5
19
-40
-27
-7
-4
13
25
3
27
11
6
8
19
-22
46
-13
15
-6
9
14
10
-29
4
6
0
29
1
-35
20
10
10
-3
9
15
22
0
14
42
-63
-65
54
-18
-45
40
20
-25
-78
-110
-63
-24
-26
-8
0
-18
8
1
38
25
42
21
1
-18
20
-9
-36
-58
-26
11
43
22
53
77
53
-33
-50
-60
-44
-63
-45
-27
-15
14
-78
-114
-44
-102
-192
-171
-75
-91
-93
12
8
26
3
5
7
-12
0
-21
-108
-71
-1
-12
-2
19
-2
27
30
-18
21
-6
26
-11
21
5
-5
-17
-33
-122
-77
-2
-5
32
42
55
54
16
8
25
17
16
1
-18
-8
-7
-9
31
-3
-14
26
24
-7
11
12
15
8
32
38
19
9
5
9
-22
-53
-110
-61
-133
-94
-65
-46
-84
-73
