2234
6329
1451
-57756
-288
-5744
9721
-565
-12213
26697
27066
-4754
8085
4736
-2394
-6962
-20683
-10580
36140
14609
10691
13620
-4596
18860
-3134
-518
1603
-13151
4587
-16439
-1333
15775
3953
-1920
-509
11282
17640
-27361
-17249
-5160
-10529
-29829
-5452
1396
3559
-11769
-1087
1150
-1551
18144
-100
32913
4435
-75
-2904
-8590
-267
-12498
34788
-37673
-22803
-16482
-32601
708
0
33
28
-37
54
38
6
0
26
37
80
42
42
77
78
6
43
90
-79
-57
-24
-37
-69
-2
-93
-58
-60
67
86
10
73
102
73
24
38
22
-30
-92
-103
-89
-55
-93
-121
-78
-136
67
70
52
31
47
34
63
45
-17
21
36
42
75
122
28
67
122
85
-147
-101
-65
-41
-107
-78
-105
-77
-10
20
48
55
35
31
99
68
83
61
-46
-9
67
-21
38
99
5
68
63
-58
34
-8
1
-11
-56
-23
23
-66
40
17
70
-12
87
40
27
39
59
-13
-45
18
-33
-4
-29
-38
13
5
71
14
69
49
104
52
82
70
24
-62
-9
-11
20
-57
-22
17
-27
-51
68
-58
-57
35
22
1
50
-51
-60
42
-20
-44
65
-40
-53
41
7
-13
14
40
-24
19
31
-61
88
22
22
3
55
39
6
-14
0
-8
10
61
-26
-17
20
35
-19
-15
-3
9
39
-61
-20
2
-35
14
31
26
9
-2
64
-15
-37
1
12
-28
89
-51
-34
39
-41
-37
72
-30
-11
62
-16
-44
30
-36
4
-9
31
-8
34
-32
-18
-14
9
4
-28
26
39
4
-21
31
62
46
74
105
108
58
101
138
60
-49
-17
-74
35
7
6
36
8
-50
-170
-198
-127
-172
-151
-168
-170
-147
-162
51
17
-12
-13
-4
61
26
24
27
142
179
174
171
202
215
114
169
124
55
39
53
21
61
22
65
-6
0
41
-30
24
17
15
17
-34
4
14
-60
-69
-2
-100
-70
-6
-74
-76
-22
-18
59
27
42
78
-6
37
6
-21
-29
39
30
56
53
-18
42
38
-49
40
20
-38
49
3
-24
-51
-52
4
-29
-24
1
-31
-23
0
-25
0
-34
39
12
-10
-33
23
-8
-41
19
-43
16
24
-21
-8
46
19
-31
-45
-11
-41
15
5
-30
-15
33
-99
-79
-27
-4
21
94
73
35
86
-11
66
59
30
53
14
19
35
-3
-48
-5
-14
72
-38
-19
67
5
-73
62
-51
-62
1
10
-21
47
12
-19
35
37
-15
62
-40
-48
22
-8
-11
-12
0
-24
-22
-57
-4
-29
20
17
-73
51
44
33
45
40
-1
127
110
50
108
109
-33
7
-21
-48
51
5
-40
48
46
-36
1
59
17
63
30
28
24
56
15
-4
-2
-20
26
32
-16
53
20
70
27
59
88
110
70
80
22
69
-10
-20
0
59
62
7
18
-11
-44
43
33
-24
108
78
69
93
106
-15
12
-36
-61
-4
49
4
-29
10
-39
-101
-93
-64
-7
-79
-6
-32
-87
-53
9
81
77
29
101
107
103
120
91
-31
13
-41
-6
-28
-48
-54
-51
-61
30
11
-65
94
58
-67
40
21
-42
-61
-16
-82
-7
-74
-111
-15
-91
-130
76
85
33
66
77
30
75
83
62
-94
-9
5
-62
-69
-13
-60
-31
4
-49
-50
91
-32
29
73
-28
-21
0
-44
12
96
-44
20
91
3
53
52
20
-30
-29
-31
-49
-22
-6
2
12
-11
-9
-49
42
5
-37
-44
40
-33
-3
-50
30
-17
38
-1
32
-19
27
-13
-31
7
4
41
-8
-25
-34
-6
1
46
5
-12
12
-28
-7
-7
48
26
-18
16
27
36
14
22
-30
-48
43
15
32
88
92
58
37
76
53
30
-20
37
44
-4
15
-12
8
-44
-58
-45
-63
-99
-14
-66
-82
-56
-98
-13
0
30
49
-24
-22
32
-22
-62
79
111
55
39
65
-13
53
75
11
38
-33
5
-5
-23
-51
23
-5
-49
79
63
95
74
143
122
99
73
154
-173
-133
-144
-138
-62
-90
-161
-105
-139
38
21
28
16
72
108
60
71
100
-45
52
104
-43
-1
100
-19
-4
0
-87
37
-12
-118
36
-5
-76
-37
51
-21
-24
69
-69
26
40
-45
-6
91
79
87
25
102
151
105
42
69
118
-67
-71
-64
19
38
-16
-26
13
-25
-49
-9
-13
15
28
0
-11
0
4
-53
14
-84
28
-8
-31
-36
-39
-18
-8
12
-29
81
55
4
46
45
25
73
-1
-32
82
104
8
46
100
31
-97
21
-35
-25
53
42
-81
-11
73
-9
1
65
14
95
53
38
59
53
-7
74
99
67
143
117
33
61
91
124
60
-120
173
60
-136
125
6
-120
62
10
-162
120
-22
-209
107
-48
-126
47
57
-88
120
56
-149
74
47
-103
10
35
8
-41
6
20
-9
-9
-4
-48
-6
3
-21
37
16
3
-42
32
-30
-13
-29
31
-30
-43
-25
-20
-48
130
112
19
127
65
55
66
81
45
-58
-27
-56
-33
-92
-86
-37
-54
-70
-15
-23
17
-42
-56
14
-1
-67
-11
7
48
-42
14
-47
40
-13
-34
33
6
-48
-2
-9
-28
-48
6
46
-13
4
15
4
-5
-30
-19
-40
37
-31
-53
0
7
1
51
-9
-58
65
-23
-16
19
34
-62
65
8
-16
-17
13
-38
39
-6
-28
29
-34
-9
16
23
102
140
44
81
153
124
100
158
121
-82
-85
-15
-69
-6
-33
-91
12
-33
-108
-6
-84
-83
-92
-8
-48
-19
-84
35
20
-29
-33
-17
48
42
41
-45
-9
-39
-3
19
19
41
-41
-34
-48
-21
-12
-22
-21
-28
-22
-1
-32
-6
-11
17
-44
21
-1
39
-59
-28
-13
-9
49
-66
-24
13
0
-26
0
-68
67
104
31
88
124
21
52
71
34
29
113
48
28
118
79
30
80
64
-15
67
3
-5
-15
33
-65
9
24
-31
64
7
18
-18
14
24
5
-54
-24
42
-39
-22
-15
-17
-15
-8
7
-10
-4
-47
31
18
4
49
9
11
-24
-21
-8
-46
-29
24
40
24
19
8
15
3
70
58
21
42
-21
-3
-65
-36
8
35
-30
19
6
42
-18
-4
-37
-14
-48
-21
3
-15
44
19
0
-14
54
36
119
57
10
106
7
-13
-6
-9
40
121
90
-9
103
75
-76
-27
-16
10
42
40
17
37
47
-30
1
32
22
-17
-48
-21
38
-38
-24
-2
-6
-7
-11
-25
27
-31
-44
-49
42
-4
8
12
-49
-25
-41
40
113
171
87
-18
59
-5
-20
-90
-95
79
43
92
-45
-56
-21
-110
-168
-141
69
102
138
26
23
59
-113
-119
-95
64
-11
71
110
41
54
97
52
38
-35
-90
-91
47
-93
-120
32
-91
-97
59
3
-51
13
-58
10
43
16
7
0
48
-41
23
8
-11
-21
-42
-43
3
-43
-41
-23
30
-14
12
-35
22
6
0
-25
2
47
38
-28
-34
1
-75
-28
59
-66
-5
52
-27
35
27
-57
-6
72
-27
0
54
-65
-13
81
-63
37
16
-72
46
38
-63
-12
66
-35
45
7
-24
39
-41
31
-2
-24
-38
-7
3
-35
33
33
-22
-18
-45
-42
21
-5
-46
-33
-4
32
10
-6
-17
16
15
-58
-50
47
-74
-12
55
-47
-4
-12
2
22
38
-21
2
60
49
53
4
-7
20
45
5
76
44
0
-42
-39
32
74
11
39
78
70
-35
3
-10
34
71
81
60
76
70
-33
-70
-124
-73
-24
-63
-65
-67
-21
54
39
-67
123
-41
-63
111
-38
-44
103
14
-66
32
-13
-64
36
-88
-96
78
51
29
80
-10
-69
19
-79
-50
41
13
-41
-12
12
8
-1
-17
-12
87
70
64
57
35
97
22
107
88
-89
-74
-51
-54
-117
-84
-87
-100
-91
35
-2
-35
-35
-1
45
-8
9
-46
32
-4
-2
-33
38
25
-20
-15
4
-22
1
-11
-44
8
-39
-31
26
-48
156
28
-54
162
-24
-35
96
22
17
89
-78
-141
76
-60
-140
-32
-61
-35
127
16
-88
31
25
-110
76
-55
-46
-119
-61
-137
-100
-107
-158
-119
-116
-120
0
-28
-13
46
58
9
16
54
-15
109
82
41
141
195
126
137
192
89
-32
26
-23
-6
-20
-3
-43
-10
20
-47
37
17
43
45
-42
-20
0
19
-1
15
-12
11
13
-7
17
-40
-29
-40
-45
64
21
-47
43
3
-21
-9
36
-16
14
31
-3
6
-16
27
-31
43
-55
7
23
-26
-27
39
-12
-14
41
25
-30
-36
3
21
-43
-29
-3
-9
36
27
-45
-22
-23
-25
-36
-7
0
37
2
-41
-45
-34
-32
24
41
0
-38
-10
0
-5
-24
-25
0
5
-14
-14
18
-4
-11
-30
-21
-41
27
-27
21
-27
-7
7
55
-49
-17
49
-4
86
90
29
40
114
-5
76
102
-21
-57
-24
-53
9
24
-9
9
34
-1
30
50
38
14
91
-1
83
18
-24
-4
52
-23
39
64
-87
44
34
72
141
106
95
188
145
9
166
126
-53
-39
-31
26
68
-30
-59
-15
-75
38
68
27
15
52
6
19
-25
-4
121
121
68
93
89
35
110
122
52
-44
-63
-72
-29
31
-29
-43
-43
-117
-3
42
-21
5
70
74
11
36
43
-1
28
-45
43
-26
-57
29
-10
-32
52
6
31
68
73
-19
79
65
-33
-8
-25
-3
10
-41
37
3
-7
-33
-41
-43
-3
-24
-17
-29
-38
-47
-6
-9
10
-40
8
31
33
-34
25
23
