11037
-2428
-242
-2863
2700
5160
-2868
1138
3380
-8573
9203
-21348
9706
-422
-2434
-3524
56
54
-49
71
124
100
21
146
114
0
-77
-159
-90
-176
-216
-77
-97
-169
103
110
88
-20
-20
-32
53
-1
58
-60
43
93
18
-46
15
53
-9
-57
27
124
46
29
-44
-72
-49
-59
-86
91
167
186
35
0
-45
-162
-157
-124
-8
-24
32
60
-36
143
5
23
44
-54
-85
101
-35
-127
103
-121
-139
125
-4
-40
127
-62
-54
117
-115
-103
89
119
142
28
-92
-216
-81
8
29
81
65
107
73
-157
-230
-69
63
59
78
25
143
13
-89
-188
-122
74
80
61
-57
90
21
232
91
-155
28
-216
-92
-64
69
-23
155
132
-89
33
-132
-87
-100
90
24
52
131
-46
64
-181
-57
47
-71
8
117
43
-68
13
120
-85
63
-12
-27
79
3
-103
14
106
-65
34
-85
-116
53
26
-121
-21
108
-117
109
-7
-27
56
137
164
-167
-204
-51
9
-2
-27
-20
102
128
-108
-167
1
20
-40
-130
141
162
106
-69
-133
-33
-54
-82
-30
-64
-50
-113
-32
15
-80
4
-11
4
42
10
-62
30
11
-33
51
76
18
48
139
-7
18
158
51
-15
-22
101
105
91
21
70
113
99
-76
-9
-1
-21
-2
-68
10
34
-37
-62
46
3
-61
-11
-85
-93
-66
-56
137
118
116
64
163
68
31
8
-100
26
27
-9
-93
-14
32
-78
-139
-69
-48
-8
42
-115
-19
-95
-193
-121
-19
-67
16
-65
-143
-10
-102
-103
-52
-43
99
163
37
40
234
0
128
232
74
-109
-28
-28
-125
61
-78
-38
-41
-119
23
32
38
-62
72
58
12
14
-25
-30
13
30
11
76
-7
37
25
-40
-20
49
12
37
22
-39
-3
66
-51
-57
-37
54
-111
77
11
0
157
-45
-78
-108
-8
-95
57
120
-13
94
-70
-104
-133
41
-190
80
64
-20
143
10
5
148
-105
-177
110
15
-30
-73
77
-5
202
-16
-246
122
101
-100
-60
-17
23
198
-76
-165
127
64
-57
-114
0
-38
31
9
-50
-27
-10
-11
40
0
24
-17
-43
-26
-26
-15
-36
-7
-31
-59
-36
27
24
35
-52
9
-50
-28
61
-67
-61
-13
0
81
-33
16
81
59
78
25
36
115
105
50
43
6
20
-82
-76
-166
-150
10
-19
-104
-59
