-3101
18475
3309
13376
3996
155
-5611
-866
5043
7416
-2119
-3233
4477
-1175
-1042
2542
10598
7197
7163
1223
8643
-7222
3940
3516
2023
-3105
5926
-4958
11654
-7977
7089
15132
27
47
58
14
-7
22
-2
1
-5
-42
-63
11
8
-1
-4
-52
-24
1
18
67
44
8
15
7
8
50
10
32
40
39
29
23
-8
39
35
-23
-9
-1
45
-18
30
3
-40
-14
-31
-1
8
-27
4
-25
-48
-35
-24
19
20
-30
-10
-32
-11
-46
-14
2
-2
-12
-35
-72
-27
-58
-42
-8
11
-18
15
-1
27
-12
-8
-17
-24
14
-11
-9
11
7
-20
-43
-1
10
4
-54
23
13
23
-9
-8
34
2
-16
-32
5
-20
8
31
3
-38
-14
8
-9
20
30
-32
45
17
-49
49
111
-30
0
8
-22
20
31
-10
-1
-17
6
36
29
23
7
-24
-35
22
20
-13
1
-27
6
15
-9
31
34
70
72
57
11
22
0
10
-23
-106
-76
-69
18
-8
26
22
27
39
26
42
41
28
49
0
-20
-20
-19
-22
-27
7
4
-16
-9
-55
-18
-31
-53
-68
-40
57
49
7
-19
0
11
-34
-34
-23
67
34
45
74
37
-9
-27
-51
-64
-75
-80
30
-125
-97
-52
-159
-123
-47
41
13
14
75
106
124
67
44
63
27
-12
-23
-20
33
27
-10
-20
-3
-34
-54
-14
-37
-26
26
-44
-39
-11
-25
-19
-7
20
-47
-17
-26
5
-20
57
20
90
97
69
13
-31
-33
-85
46
12
21
39
-17
-122
-31
-83
-116
-3
-3
-54
23
11
38
14
-8
-29
26
-28
3
-44
-61
-20
-55
-65
-16
-9
-72
-48
-38
-3
-22
50
35
-2
-27
-61
-40
16
-62
-47
0
55
34
-30
-44
-12
31
-18
-12
33
78
55
-56
-14
-33
-13
-26
-14
20
34
16
-59
-42
-8
-9
-2
6
-3
31
37
-22
21
17
-25
-47
-71
52
31
15
6
51
26
109
20
22
11
53
15
-12
49
49
-44
-102
-58
-33
-96
-107
-6
-4
-14
-15
16
23
-21
-20
-33
-4
0
-28
-1
-21
13
-10
11
-25
-2
-32
-21
22
57
55
29
47
43
-36
3
-37
23
10
7
19
26
72
61
93
82
138
62
55
71
64
10
-11
21
-35
-30
-88
-7
-65
-43
-22
-68
-96
-82
8
-6
9
28
69
63
-40
-16
-27
21
8
-22
37
12
18
-59
-52
-63
-58
-42
-46
42
10
10
-60
0
11
-57
-16
2
-29
-12
14
56
0
-1
44
28
30
46
-3
46
-51
-36
-11
-17
7
-12
-61
1
1
-43
-6
15
-28
8
62
-18
24
51
6
5
5
-25
24
-3
-18
-22
-2
-43
-42
-59
-70
-121
-104
-119
-100
-94
30
-13
1
19
3
-18
62
-20
-25
-12
23
16
-42
17
58
-11
48
79
-1
-14
-7
19
-4
-14
-33
-2
11
-41
30
61
-14
47
46
27
53
73
-16
7
8
-13
-1
11
-13
-24
29
-48
-41
-95
-101
-138
-117
-106
-61
-86
-15
-137
-100
-43
-206
-192
-34
-122
-121
-20
-6
-35
-1
-8
-45
-9
-2
8
-28
-35
-8
-11
26
47
-39
26
34
14
13
-17
29
0
-14
-22
-1
-5
-15
-28
5
-52
0
20
-54
21
0
12
49
-13
21
-5
-1
53
12
-14
-36
-34
19
-6
-15
10
8
38
-4
-28
19
25
-30
1
-6
-26
20
40
2
10
-25
-34
-9
-17
-36
17
-15
8
25
0
-3
-55
-33
-51
-109
-89
62
79
21
68
13
32
44
40
46
-1
-47
-22
-28
-59
-8
-48
-19
-11
0
-7
11
-18
19
7
22
-30
32
24
18
-35
19
9
3
29
44
40
18
0
16
4
20
-24
-15
24
23
10
-26
-54
-5
-61
-49
-51
-81
-92
-13
36
62
19
-8
42
6
-21
42
-34
-11
36
-17
24
11
8
34
6
-37
8
-41
19
-14
12
-2
1
17
-41
-38
-55
-54
-55
-5
0
-39
-41
-48
6
29
-33
-8
10
6
-19
-2
22
14
38
14
4
40
0
5
-20
-12
-3
37
-35
19
30
-27
6
30
-42
12
14
-46
-17
27
-26
23
5
-14
-28
22
-22
-30
-4
1
-54
-16
-6
-24
39
-66
-75
-62
-62
-21
-44
80
80
77
113
155
64
179
147
115
-27
-15
10
8
-21
-11
-3
-3
-8
-22
5
20
30
-1
-3
-11
5
19
-46
18
16
-49
-15
59
-29
24
25
-26
-15
10
13
-12
51
-2
-31
18
-6
55
56
-23
-20
31
-38
34
43
33
-13
82
117
40
55
139
102
107
31
16
35
-11
18
22
-2
-37
-31
-40
32
29
-28
22
52
-37
9
14
49
-20
-28
37
-28
-60
9
4
-22
-16
-52
-35
10
27
31
-6
-32
0
64
56
31
11
-17
40
-43
-34
-17
-18
-11
-13
-16
6
24
16
6
-4
-39
-17
8
-50
-8
-4
-12
-11
10
-26
25
32
34
46
59
-7
-29
-37
9
8
59
44
94
79
-16
22
85
71
59
23
81
52
56
-4
-39
39
-19
11
40
-37
-59
-26
37
59
52
23
-28
-4
20
12
23
-8
-8
-20
-20
0
53
2
-34
-14
27
53
56
-7
2
35
37
-10
-20
0
-18
10
40
34
56
99
93
96
6
63
123
10
1
48
18
92
4
-13
-39
-25
-9
1
44
-31
-58
-59
-43
-35
-5
-12
-28
27
-46
-24
25
-29
-8
2
35
32
48
46
29
7
2
-8
7
40
25
-17
5
1
29
3
-21
31
-42
-56
-59
-73
-87
-96
-63
-38
-56
18
39
35
3
-4
22
-31
31
-6
16
45
38
3
-3
-7
-27
24
-9
1
-13
-28
0
-3
-51
-25
-37
-51
-11
-43
-56
-29
-46
-43
13
11
-4
-21
19
46
45
64
10
53
26
30
-9
49
51
8
56
11
-15
53
41
-25
-12
-27
-26
0
-14
10
-4
0
21
25
5
-8
9
10
10
1
11
-40
-40
-37
9
-35
-34
-48
-15
-46
14
10
48
22
62
29
53
55
54
25
-17
8
37
29
-2
36
22
-14
-86
-39
-30
-39
-105
-65
-48
-34
-39
20
27
50
20
38
17
-17
-9
6
40
48
81
73
12
62
76
64
81
-6
35
17
-20
6
52
-47
-8
12
43
31
54
45
38
49
38
20
30
-33
-11
38
-28
-8
-3
-59
-7
-43
-27
20
65
-31
0
37
-53
15
27
34
10
54
33
42
36
-8
12
27
9
-8
-30
-9
27
26
23
8
-40
-15
-84
-42
-73
-60
-117
-41
-81
-119
-13
6
-7
-7
8
0
-30
1
5
11
25
-10
6
-16
11
13
-19
-9
-25
47
57
-20
-19
20
-59
-10
18
-13
16
45
-38
26
30
-33
-5
5
5
10
45
29
-3
42
34
-48
-33
-75
-134
-227
-160
-207
-241
-153
-237
-241
23
11
18
3
2
2
1
5
-29
3
33
48
-6
-10
22
-57
18
16
-12
-72
-60
-33
-61
-46
24
-38
-64
6
-53
-18
41
8
-46
38
-7
-15
9
-15
-21
2
-12
-26
-4
-16
-11
0
-6
-70
9
-21
-39
13
-2
-4
5
-29
-40
20
-2
-34
26
49
49
-4
-44
-56
42
17
-35
33
-1
-31
45
20
10
62
0
16
65
22
-18
33
158
21
-34
76
35
9
62
80
18
-6
-21
-42
-23
11
14
35
1
20
-13
-18
-5
-3
-2
21
-32
2
2
-2
-18
-10
-25
-23
40
-8
51
37
14
-43
11
-13
-32
22
-13
32
16
25
20
52
87
56
63
27
1
90
165
117
70
140
123
17
39
85
-4
0
24
-6
49
24
-11
28
41
-12
-26
-56
12
-25
-43
14
14
9
-49
0
24
-65
-22
-19
-23
-45
-90
21
50
66
4
4
-5
-30
-20
24
-48
-60
-66
7
17
-16
1
3
-45
0
7
53
19
-10
-7
31
-13
37
-1
26
54
5
-16
16
33
32
-9
-10
31
0
-25
-13
-1
-12
13
-7
-26
-55
-38
-72
-25
-39
-14
-67
-109
-6
52
-17
3
62
23
-13
27
-12
-14
-23
-10
-13
-37
-24
-31
-10
-15
2
-18
-15
-10
-25
8
13
-12
15
0
-25
4
40
21
0
36
11
-4
0
15
-9
11
-11
-27
22
28
-10
-10
-4
-50
-83
-24
-93
-80
-104
-98
7
38
15
46
40
29
23
45
18
-37
-41
-54
15
-4
-40
28
13
-40
16
52
21
5
-1
15
-30
0
-23
72
44
52
65
32
56
50
70
116
29
-4
-20
-19
-24
1
-15
-15
-21
64
47
18
36
-30
-20
-2
-18
-30
-9
29
30
15
18
28
-9
26
-4
-1
-34
-29
-2
-27
10
17
6
29
77
34
64
14
-27
-43
25
11
-31
-4
28
11
3
21
22
18
21
3
-11
-38
11
-68
14
15
-1
57
-15
-83
-113
-75
36
53
81
59
52
43
15
-5
14
-10
-17
-25
-25
-20
14
-24
-65
-59
6
42
14
30
55
11
69
46
46
11
-32
-29
-43
0
-2
60
40
23
11
26
11
63
69
-1
20
22
13
-40
7
23
-30
54
-4
24
10
-9
-42
-57
-19
-78
-78
-64
-27
-3
-3
9
2
-30
-7
15
18
75
91
109
26
-11
23
-98
-63
-22
-40
-39
-47
-16
2
22
-29
0
-27
-14
17
-3
18
-10
24
53
29
32
-19
2
-5
-29
-36
-23
4
-6
20
0
-45
-21
15
-12
-17
37
30
43
17
37
10
-8
31
3
-27
-45
-57
23
21
48
51
87
96
-59
-100
-76
38
7
19
-70
-39
8
-240
-223
-168
4
-2
-4
-43
11
2
18
25
61
4
-7
-12
-1
10
29
-24
-30
-11
-21
-23
13
10
3
45
35
49
78
-11
-30
-3
-24
20
-40
32
52
28
39
37
-3
108
125
69
-119
-182
-130
46
25
46
-11
-48
-2
-268
-247
-216
-49
-51
-4
-21
-47
-40
73
70
85
-42
-23
-35
11
7
-11
0
19
13
39
46
61
-21
-13
-94
-83
-116
-86
-2
15
-11
-20
29
-17
-7
15
-20
-6
-43
-48
0
-22
-44
32
-1
-19
32
5
-44
45
-10
-11
28
-17
-34
42
-24
-33
47
-22
-55
39
0
-31
-1
32
-6
24
47
18
21
50
19
-5
-23
-30
-26
-57
-50
-25
-44
-94
111
28
75
98
9
121
83
29
155
21
-25
-21
44
17
-3
21
-19
-22
-16
-20
-22
7
-19
0
24
5
28
39
3
-55
5
-46
-52
58
-26
-4
-8
-29
-10
23
-27
-31
41
19
-14
13
-35
-28
-18
-80
-50
-57
-108
-61
-17
87
103
26
108
118
21
72
130
24
-5
21
-2
22
21
15
-33
-22
6
13
-42
41
23
-21
41
29
-38
1
-20
11
11
-16
20
-15
15
-12
17
-24
22
24
23
23
12
-4
12
5
-25
0
-3
-1
-26
-17
14
-21
19
-17
6
19
8
-3
12
9
7
6
13
-27
-20
-8
10
-22
-27
-29
-18
-13
19
-7
-15
6
-14
-14
-19
19
-30
-21
-15
-19
13
-20
-30
-26
6
-14
-30
-11
-17
-20
-28
-3
5
14
8
-8
5
-15
-4
15
-34
-18
20
27
20
-14
-4
-9
9
-7
-9
-12
-17
15
5
0
-12
-28
-1
-22
3
6
-11
19
6
-2
-19
-6
13
7
12
18
-17
-22
19
-18
7
22
-21
-24
-31
14
11
-21
-8
-21
-20
22
-28
-25
-16
-13
6
-2
-3
-13
-24
-28
5
-7
2
-26
8
23
25
12
17
22
-26
-8
26
-18
-18
11
-24
-31
18
19
-10
-15
17
-7
-15
37
21
24
11
-10
-9
-67
-69
-74
-27
-8
2
7
-11
-10
39
-5
-41
37
21
7
-20
-20
-3
7
0
3
-5
11
7
9
35
-11
-29
-50
-14
9
-2
-40
52
11
29
58
17
17
-12
-4
-54
12
93
13
19
7
27
2
39
26
-32
-26
-14
39
6
17
-18
11
-28
12
19
-10
-6
24
-7
-6
-20
-4
-32
4
-39
12
-6
15
26
-9
-14
5
-5
-30
-50
-71
-64
-21
39
13
91
67
90
78
103
119
23
52
56
112
80
77
44
64
21
42
47
28
29
3
20
-66
-75
-49
42
7
-25
-8
-28
-15
2
-41
-15
69
113
88
90
69
63
-10
-24
8
20
-14
-44
-25
-7
-12
-8
-18
5
-12
21
13
0
20
40
-2
62
62
-39
-62
-37
-4
-50
-40
-7
-34
-6
20
-30
-35
-10
1
17
36
-21
-7
20
9
28
23
38
37
7
55
19
60
36
54
-17
-28
-17
-18
-30
-16
-46
13
22
-84
-29
-22
-53
6
-17
24
-9
-12
-28
-74
-30
-77
-64
-48
16
-22
-9
16
-7
-12
-3
1
29
-13
8
7
35
-24
-17
11
14
-5
20
4
-26
26
31
7
47
-5
5
22
15
37
1
-38
-35
-24
-58
-52
25
9
-1
5
11
-7
16
-11
-12
-15
-5
-10
11
33
4
22
19
53
3
-29
14
-19
17
-31
16
2
14
-94
-94
-29
-85
-97
-54
-75
-75
-57
6
-43
-36
17
-6
12
8
-10
10
-65
-25
3
-5
29
10
47
66
31
16
-7
-40
47
-42
-7
-6
-47
-58
11
-11
16
13
-12
32
-38
0
-10
-55
-77
-2
-31
-94
-28
-7
-11
39
-9
-9
12
18
-39
-16
2
-51
-65
-42
24
11
29
83
-4
65
38
-2
41
58
34
27
0
-39
-13
-42
-48
-28
-17
-28
2
11
12
-5
16
4
-69
-38
4
-47
11
-16
-5
-16
-7
-47
-64
-36
-25
-45
31
6
-15
28
-47
-40
-2
-23
-24
-28
-62
-75
-86
48
17
-24
73
87
-34
104
59
22
30
-7
32
35
11
65
84
70
74
-37
-34
4
-41
-46
5
-33
-36
26
-21
-59
-42
17
-16
12
91
67
52
-75
-33
-24
-23
-74
-65
2
35
8
-23
-43
-4
-6
-23
3
27
-14
-8
18
-32
-31
13
8
-3
18
36
12
-37
-74
-52
-1
-40
-61
20
55
0
2
-47
-17
-27
-13
-9
28
13
20
21
27
30
-19
-18
21
-52
-63
-38
11
0
68
-13
54
17
21
102
65
26
21
41
26
83
65
36
30
58
15
23
-15
5
8
-9
-13
20
25
-18
-59
-73
13
-2
-24
20
60
52
-47
-42
-71
-5
-15
-33
35
43
23
-50
8
51
-40
-12
68
-58
-41
14
69
52
8
61
156
135
55
68
129
15
15
-54
21
27
-7
-9
48
38
-70
-83
-50
14
-41
-24
44
7
-28
-30
6
-3
-68
-49
-82
-67
-63
-116
-22
-19
-16
-47
-24
-5
-16
-28
34
11
-21
41
-3
0
23
-6
9
26
-10
-8
-11
-1
0
0
-45
-40
-2
-64
-88
-15
-54
-25
-32
-38
-18
-24
-29
-19
-60
-24
-18
-40
-16
16
11
-15
-37
-34
-30
-58
-35
21
31
-4
-42
-22
2
-7
37
48
58
6
47
12
66
45
38
37
-23
20
12
-25
-12
7
-4
27
-17
-4
-21
13
-3
-58
-21
55
23
2
36
-2
25
44
-17
-28
-23
-63
-11
26
-48
29
31
-30
-17
-55
-16
-2
-24
-23
23
-2
-12
-16
4
-86
-63
-11
-112
-60
1
-75
-32
-30
-33
30
57
-30
-1
31
-65
-36
-60
-56
-5
-1
-26
-19
-4
-53
-12
2
-49
-11
35
-40
51
46
4
-28
23
-27
11
-23
-27
9
18
32
34
0
39
26
-11
24
37
25
-13
-5
-7
-18
8
-3
-18
-36
0
-39
17
-7
-9
-15
-17
-31
-28
8
6
8
-34
-34
6
-20
-17
-9
19
86
65
25
13
50
27
-12
-17
-8
22
-10
-12
14
28
-27
68
92
40
-118
-114
-84
-64
-127
-85
-51
-65
-68
16
21
26
-6
-6
8
-1
27
-25
-22
-52
0
-58
-27
-9
-45
-30
-6
15
19
23
6
20
-11
-19
-18
-19
30
13
-12
42
42
31
40
18
36
2
23
5
3
18
28
37
70
53
58
61
36
29
49
24
45
41
24
-38
-22
-23
3
-20
-29
-40
-21
-13
-6
-70
-24
-55
-82
-73
-41
-53
-42
5
8
52
-6
40
39
2
-37
-35
17
17
-13
21
-29
-15
-18
-4
-2
20
40
32
-16
-20
-14
-17
-12
-4
-12
29
20
-4
-31
24
-10
-38
-18
33
29
27
35
11
36
4
-35
-14
8
25
40
38
57
71
49
28
30
43
47
-3
65
50
43
-31
28
4
19
-4
21
-48
-3
-25
-13
-17
34
23
24
14
22
-31
4
-17
-1
-14
24
0
12
-6
-44
-8
-9
16
-21
-3
17
29
-10
-9
-10
-6
14
3
70
64
47
63
104
70
73
82
118
16
28
37
24
49
78
7
31
36
-38
-31
-39
0
-34
-26
20
-16
9
46
59
47
-23
0
-2
-15
-48
-41
6
40
18
28
31
35
17
30
63
38
50
38
-57
-77
-66
17
21
25
0
-15
-47
-11
-36
3
-20
-29
11
-26
12
6
-41
-6
-39
-25
7
-29
27
28
11
5
-16
-15
3
24
-25
19
-9
17
-98
-111
-103
20
30
11
-7
-20
14
-34
-75
-41
14
29
-13
15
15
43
-61
-73
-57
-21
14
4
-80
-55
-20
76
66
15
-48
-51
-7
31
22
9
-15
22
13
28
-10
14
-52
-49
-51
7
61
27
2
-17
-15
-33
-40
-4
0
-8
-14
-41
-22
-28
65
53
19
-108
-128
-36
50
101
21
37
2
61
-25
-44
25
38
-3
38
31
28
36
48
47
24
-7
-7
-39
28
31
6
-21
-19
6
-11
2
30
66
24
45
80
57
31
19
18
28
24
-23
-22
25
-12
-18
11
16
-23
-55
-42
-49
6
-11
-38
16
0
-21
11
21
-23
12
-12
-13
29
9
-3
-2
-20
-6
46
-17
-20
58
47
17
4
-15
-18
0
-41
-8
6
-29
8
1
-17
-14
-95
-104
-48
-61
-1
4
-172
-166
-102
-208
-193
-168
-112
-246
-160
31
0
4
26
39
-27
82
66
49
-22
31
-3
14
-1
21
11
-20
2
24
-30
-16
13
-14
-18
11
35
0
20
-34
-21
-3
3
-22
28
54
32
-32
-67
-50
-154
-174
-120
-111
-84
-64
-20
-66
-62
7
4
0
-26
63
63
-30
-10
-9
55
44
10
22
74
62
-13
-17
10
19
8
1
45
18
3
43
77
88
47
64
50
84
80
112
-17
35
18
13
29
-1
-11
16
14
-12
31
-1
11
44
11
-18
19
20
-14
0
28
23
30
2
-22
-31
-12
20
21
0
7
-26
-6
-53
-76
-25
6
-21
-29
-13
11
-22
13
-10
0
2
-13
16
30
101
55
35
68
20
-59
-45
-72
-55
-55
-55
18
-3
1
53
69
21
-30
51
42
65
37
44
-4
-18
-39
-17
-7
30
30
-12
10
21
-30
-11
-24
-11
-15
-61
-41
-24
27
-17
-1
0
-20
11
5
-7
-43
-31
2
-28
23
34
42
37
65
36
38
-8
9
55
23
-45
53
71
-35
85
57
63
70
74
61
42
-5
26
-9
34
0
-11
-23
6
-41
-36
-31
75
77
56
56
90
59
38
59
59
-40
-26
-3
-31
0
33
-20
39
37
3
-2
36
-19
10
29
-3
-4
-15
-63
-18
-35
-24
27
-37
4
20
35
3
-31
5
-26
7
-4
25
6
41
-46
-12
-13
-45
-18
-17
-65
-37
-4
41
46
52
48
26
17
-8
45
17
72
58
61
72
20
-2
77
-10
-1
-6
20
-24
-11
-11
-10
-3
-11
24
18
-17
4
12
20
-24
-11
-29
27
-36
21
30
3
-24
-14
0
19
-15
-25
20
2
-36
-1
42
7
-6
-21
50
91
43
72
95
40
35
46
20
19
11
47
40
76
11
108
145
61
15
45
72
24
62
56
8
43
13
-22
-39
6
16
15
7
39
-10
16
-9
-32
33
2
-8
48
37
12
45
-11
-35
33
-11
-24
-37
-2
8
-43
-22
2
-16
-34
-23
-13
-80
-30
-62
-5
-20
-14
6
-24
-22
-9
-6
13
0
23
21
-11
25
-27
26
25
9
-21
14
37
7
-16
6
30
21
-11
-42
-34
-10
-39
-34
-38
13
33
-25
-50
-28
-24
-58
-78
6
-57
-73
-54
10
49
24
78
71
56
99
99
103
-28
-1
-8
-6
14
-19
26
13
-17
21
34
-7
48
28
8
27
49
55
-9
-52
4
-26
-6
-13
-65
-55
-25
-28
-33
21
-20
-60
-23
-11
32
-21
-25
-62
-18
-44
-80
-2
2
-38
-5
-72
-82
-60
-69
-104
-56
-91
-107
-96
15
-21
38
9
5
15
5
13
26
83
35
93
42
0
64
82
49
23
13
-30
-25
21
36
-2
10
48
1
-13
-27
1
-14
-8
-41
14
-28
-37
23
-6
-25
29
40
5
55
14
7
30
-4
-16
-4
48
-20
-1
38
37
-26
-5
-27
-43
7
-27
-35
-23
-19
-80
-81
-45
-15
-33
-97
55
71
-7
-28
-112
-169
45
-69
-185
61
39
-94
20
0
-11
23
38
-14
38
57
-15
-11
-5
5
-21
-15
13
-21
15
5
-9
-7
-44
46
29
17
34
33
1
-29
1
-12
-13
-20
11
7
-9
48
-91
-106
-77
-2
-117
-95
59
8
-7
-17
16
43
-77
-25
42
-15
-10
50
-29
17
8
2
8
49
-35
46
49
20
-17
-43
28
-5
-46
27
28
18
68
48
85
11
16
4
15
12
14
-59
-20
-36
-2
-15
-17
-6
-40
23
44
20
10
47
52
24
39
42
6
-29
-74
-21
-58
-43
-57
-29
-34
9
-42
10
-9
-32
9
-30
-2
1
-11
16
36
16
47
36
45
24
41
37
25
-3
57
-3
-10
42
31
37
36
-25
8
12
-14
-8
27
-20
6
-15
-34
-32
10
-27
-35
25
-9
-27
15
-10
-23
17
8
-1
-20
-22
11
12
13
20
-9
19
-2
25
32
49
30
-30
8
-13
27
-5
10
45
-8
-2
-19
-44
-35
-3
-23
3
27
-3
-2
13
-13
1
-28
36
-5
12
-14
18
-3
-37
-44
-34
-36
-34
-20
-26
19
-25
-36
14
0
16
6
35
-19
23
-138
-160
-118
-98
-122
-65
-93
-86
-106
-121
-133
-140
18
17
52
27
69
70
-4
-11
-64
26
31
16
44
14
47
-2
-55
-36
9
16
-8
21
39
57
-63
-62
-59
34
32
35
-5
1
48
-75
-127
-108
0
0
19
54
70
53
94
88
99
-52
21
22
-36
-36
-40
-31
-25
8
-9
-2
-50
9
-45
-58
42
51
61
-20
11
33
-33
-34
-34
-7
-7
-29
-25
-4
-6
3
-25
11
40
74
26
-9
11
14
18
-11
4
-33
-38
-52
3
31
7
59
60
32
81
80
42
36
40
92
-7
-17
38
-12
-33
-34
-38
-81
40
0
-30
-39
-20
-25
-18
-18
28
30
-16
-6
18
-30
-51
-32
0
50
46
29
27
1
-45
-87
-38
30
-5
41
19
4
8
0
7
-5
10
-3
20
31
-11
-15
69
45
-9
-13
22
-4
3
-20
-25
-18
5
-28
5
-18
32
48
29
-7
-14
-22
-19
-9
3
16
25
-16
-6
47
28
16
26
33
13
39
21
-14
45
27
-21
29
33
38
-27
-2
32
-77
-81
-67
-94
-63
-74
-93
-21
4
-72
-48
-70
-42
-50
-6
-35
2
-57
10
-18
3
0
11
4
-25
-7
-20
9
-36
-50
21
-31
-25
43
-14
-37
61
30
-17
-5
10
1
41
0
-32
-28
-45
-47
14
43
6
-42
7
-34
-13
4
10
72
1
45
64
47
97
68
21
65
32
8
58
12
7
11
-29
-33
-40
-15
17
-8
32
18
-9
-42
-59
-36
-107
-68
-52
-99
-77
-67
33
17
1
-6
18
-28
-9
-70
-81
-1
0
-14
-5
-34
-4
-38
-31
-16
30
3
-8
-41
-59
-80
-19
-79
-74
35
37
12
34
-11
-12
15
9
-22
49
66
51
74
70
44
42
62
20
-27
-46
6
-16
-5
-63
-3
-60
-61
-24
-60
-29
-56
-62
-12
-71
7
63
68
26
7
19
-21
-27
16
-23
-21
11
-28
16
-22
29
-17
-8
20
25
49
53
-31
42
-17
-41
-11
-15
-21
-25
-20
13
19
23
-10
-31
-48
-18
-4
27
43
-7
19
-22
-57
-70
-47
-31
-52
0
37
-73
-8
56
-50
1
-90
-49
-31
-63
-72
-52
-101
-114
-96
49
0
25
5
14
-40
-5
15
-4
-51
-94
-36
20
2
-33
-46
-72
-34
